chr20-400336-T-C	chr20-800427-G-A	chr20-900321-A-C	chr20-1000475-A-G	chr20-1000490-C-T	chr20-1300281-C-G	chr20-1500023-T-C	chr20-2300105-TA-T	chr20-3800210-T-TGGACTGGAGACCTGGTGCTAG	chr20-4400332-CACAT-C	chr20-4600007-A-AT	chr20-4800103-G-T	chr20-5800008-G-T	chr20-5800238-C-T	chr20-6000052-T-C	chr20-6700046-T-G	chr20-7100210-T-C	chr20-7200028-T-G	chr20-7400152-CT-C	chr20-7700264-C-T	chr20-8000271-G-C	chr20-8000430-C-T	chr20-8800433-A-G	chr20-9400210-C-T	chr20-9400297-G-A	chr20-10100148-A-C	chr20-10100480-T-G	chr20-11500181-A-AT	chr20-11700445-A-ACAAAC	chr20-12000348-C-T	chr20-12000453-TA-T	chr20-12800232-C-T	chr20-12900369-A-G	chr20-13600196-C-T	chr20-13600221-T-G	chr20-14700111-T-C	chr20-15100295-CATTTTTGACTTATGAT-C	chr20-15800498-G-T	chr20-16000274-C-T	chr20-16100187-C-T	chr20-16200100-C-T	chr20-17200113-T-A	chr20-17700027-A-G	chr20-17800276-T-G	chr20-19000217-T-C	chr20-19700013-A-G	chr20-20300500-A-G	chr20-21400134-C-A	chr20-22000087-T-C	chr20-22100290-C-CT	chr20-22200069-C-G	chr20-22800188-A-G	chr20-24000419-C-A	chr20-24900430-C-A	chr20-25000484-T-C	chr20-25300145-A-G	chr20-26600120-C-A	chr20-29100243-C-T	chr20-29600213-C-T	chr20-31600157-A-G	chr20-32000119-C-T	chr20-32800148-C-G	chr20-33100454-C-T	chr20-33800260-C-CA	chr20-34100307-A-G	chr20-34100488-A-C	chr20-34200335-T-G	chr20-34900210-G-A	chr20-35400015-T-A	chr20-36900072-T-C	chr20-37600082-G-C	chr20-37600220-C-T	chr20-38000156-G-T	chr20-38000451-A-ACGGCCAGCGCAGGCTTCCCTCCCGCGTGGG	chr20-38400365-C-T	chr20-40600020-TA-T	chr20-40600022-A-T	chr20-40600144-C-T	chr20-41600434-G-C	chr20-43300384-A-G	chr20-43300481-T-C	chr20-43400090-C-G	chr20-43400362-CAT-C	chr20-44000047-G-A	chr20-44100290-C-A	chr20-44100491-T-C	chr20-44200378-G-A	chr20-44200381-T-C	chr20-46300090-G-T	chr20-46800133-C-A	chr20-46800406-G-A	chr20-47200489-CG-C	chr20-50400212-C-T	chr20-51700247-A-G	chr20-52400386-T-C	chr20-53500190-GTA-G	chr20-54200178-C-A	chr20-54700079-A-AC	chr20-54900040-T-G	chr20-55000469-T-A	chr20-55300145-C-CT	chr20-55900076-A-C	chr20-56100059-A-G	chr20-57000091-G-C	chr20-57000339-C-T	chr20-57100401-A-G	chr20-57400043-T-A	chr20-58800395-T-C	chr20-60100387-T-G	chr20-60300082-T-G	chr20-61300114-C-A	chr20-61400036-G-A	chr20-61600256-A-G	chr20-61900200-C-A	chr20-62200440-C-T	chr20-62700326-C-A	chr20-62800205-A-C
CEU-NA06984	1	1	0	0	0	0	0	0	0	0	1	1	0	0	0	0	1	1	1	0	0	0	0	0	0	0	0	1	0	1	1	0	0	0	0	0	1	1	0	0	1	1	1	1	1	0	1	0	0	1	0	0	0	0	0	1	0	0	0	0	1	1	0	0	1	1	0	0	1	1	1	1	0	1	0	0	0	0	1	0	0	0	0	1	1	1	0	0	1	0	0	0	0	0	0	0	1	0	1	0	1	1	0	0	0	1	0	0	0	0	1	0	1	1	0	1	1
CEU-NA06989	1	1	0	0	0	0	0	1	0	1	0	1	1	1	0	0	1	1	1	0	0	0	1	1	1	0	0	1	0	1	1	1	1	0	0	0	0	1	1	1	1	0	0	1	0	0	0	1	1	0	0	1	0	0	1	1	0	0	1	0	0	0	1	0	0	0	0	1	1	1	1	1	0	0	0	0	0	0	0	1	1	1	1	0	1	1	0	0	1	0	0	0	1	1	0	1	1	1	1	1	1	0	0	1	1	1	0	1	0	0	1	1	0	1	1	1	1
CEU-NA12347	1	1	1	0	0	0	1	1	0	1	0	1	1	1	0	1	0	1	1	1	0	0	0	1	1	0	0	1	0	1	1	1	1	0	0	1	1	1	0	0	0	1	0	1	1	0	0	0	1	0	0	0	0	0	1	0	0	0	0	0	0	0	1	0	0	0	0	1	1	1	0	1	0	1	0	0	0	0	0	1	1	1	1	1	0	0	0	0	1	0	0	0	1	1	0	1	0	0	0	1	0	0	0	0	0	1	0	1	0	0	1	0	0	1	1	1	1
CEU-NA12348	1	1	0	1	1	0	1	1	0	0	0	1	1	1	0	1	0	1	0	0	0	0	1	0	0	0	0	1	0	0	0	1	0	0	0	1	0	0	0	0	0	1	1	1	1	1	0	1	0	1	1	1	0	1	0	0	1	0	1	0	0	1	1	1	1	1	0	1	1	1	1	1	0	1	0	1	1	0	0	0	0	1	1	1	0	0	0	0	0	1	1	0	1	0	1	0	1	0	1	0	1	1	1	1	1	0	0	1	0	0	1	1	1	1	0	0	1
CEU-NA06986	1	0	1	0	0	0	0	0	1	0	0	0	0	0	0	0	0	1	1	0	0	0	1	0	0	0	0	1	0	1	1	0	1	0	0	0	0	0	0	0	0	1	1	0	0	0	1	0	1	0	1	0	0	1	0	0	0	0	1	0	0	0	1	0	1	1	0	1	1	1	1	1	0	1	0	0	0	0	0	1	1	1	1	0	0	0	0	0	1	0	0	0	0	1	0	0	0	1	1	0	1	0	1	1	1	1	0	0	0	0	1	0	1	1	1	1	0
CEU-NA07037	1	0	0	0	0	0	0	1	1	1	1	1	1	1	0	1	0	0	1	1	0	0	0	0	0	0	0	0	1	1	1	0	0	0	0	0	0	0	0	0	0	1	1	0	1	1	0	0	1	0	0	0	0	0	1	1	0	0	1	1	1	0	1	0	1	1	0	0	1	1	0	1	0	0	0	0	0	0	0	0	0	0	0	1	0	0	0	0	1	0	0	0	1	1	0	0	0	1	1	1	1	0	0	1	1	0	0	1	0	1	1	0	1	1	0	1	1
CEU-NA07045	1	0	0	0	0	0	0	1	0	0	1	1	0	0	0	1	1	1	0	1	0	0	1	0	0	0	0	1	1	1	1	1	1	0	0	0	0	0	1	0	1	0	1	0	0	1	1	0	0	1	0	1	1	0	1	0	0	0	0	0	1	0	1	1	0	0	0	0	1	1	1	1	0	1	1	0	0	0	1	1	1	1	1	0	0	0	0	0	0	1	1	1	0	1	1	0	0	0	1	0	1	0	0	0	0	1	0	0	0	0	1	0	1	0	0	1	0
CEU-NA07435	1	1	0	0	0	1	0	1	1	1	0	0	1	1	0	0	0	0	0	0	0	0	1	1	1	1	1	0	1	1	1	1	0	1	1	1	0	0	1	0	0	0	1	0	1	0	1	1	0	1	1	0	0	0	1	1	0	0	0	0	1	0	1	0	1	1	0	0	1	1	1	1	0	1	1	0	0	0	0	0	0	0	0	1	1	1	0	0	0	1	1	0	0	0	0	0	1	0	1	0	1	1	1	1	1	1	0	1	0	0	1	0	0	1	1	1	1
CEU-NA07031	1	0	0	0	0	0	0	1	0	0	0	0	0	0	0	1	1	1	1	0	0	0	1	0	0	1	1	0	0	1	1	1	1	1	1	0	1	0	0	0	0	0	0	0	0	1	0	0	1	0	0	1	0	1	1	0	0	0	1	0	1	0	0	0	0	0	0	1	0	0	0	0	0	0	0	1	1	1	0	0	0	0	0	1	0	0	0	0	0	1	1	0	0	1	0	0	1	0	1	1	1	0	0	1	1	1	1	0	0	0	1	1	1	1	0	0	1
CEU-NA07051	1	0	1	0	0	1	1	1	1	1	0	0	1	1	0	1	0	0	1	0	0	0	1	0	0	0	0	0	1	0	0	1	0	0	0	1	0	0	0	1	0	0	1	0	0	0	1	1	0	1	1	1	0	1	0	1	0	0	0	0	0	0	1	0	1	1	0	1	0	1	0	0	1	0	1	1	1	1	0	1	1	1	1	1	0	0	0	0	0	0	0	0	1	1	1	1	1	1	1	0	1	0	0	1	1	1	0	0	0	0	1	0	1	0	1	1	1
CEU-NA12340	0	0	0	1	1	0	1	1	0	0	0	0	0	0	0	1	1	1	1	1	0	0	0	0	0	1	1	1	0	1	1	1	1	1	1	0	0	0	0	1	1	0	1	0	1	1	1	1	0	1	1	0	0	1	0	0	0	0	0	0	0	1	1	1	1	1	1	1	1	0	1	1	0	1	0	0	0	0	0	0	0	0	0	1	0	0	0	0	1	0	0	0	0	1	0	1	1	0	1	0	1	1	1	1	1	1	0	1	0	0	0	1	1	1	1	1	0
CEU-NA12341	0	0	0	0	0	1	0	1	1	0	0	0	0	0	0	1	1	1	1	0	0	0	1	1	1	0	0	0	1	0	0	1	0	1	1	0	0	1	1	1	0	1	1	1	1	1	1	1	0	1	1	1	0	1	0	0	0	0	0	1	0	1	1	1	1	1	0	1	1	1	0	1	1	0	1	0	0	0	0	0	0	1	1	1	0	0	1	1	0	0	0	1	1	0	1	1	1	0	1	0	1	1	0	0	0	1	0	0	0	0	0	0	1	0	1	0	1
CEU-NA12342	1	0	0	0	0	0	1	1	0	1	0	1	0	0	0	0	1	1	1	0	0	0	0	1	1	0	0	1	1	1	1	0	0	0	0	0	0	0	0	0	0	1	1	0	1	0	1	0	0	0	1	1	0	1	0	1	1	0	0	0	0	0	0	0	1	1	0	0	1	1	0	1	0	1	1	1	1	1	0	1	1	0	0	1	0	0	0	0	1	1	1	0	0	0	0	1	0	1	1	0	1	0	0	0	0	0	0	1	0	0	1	0	1	1	0	1	1
CEU-NA12343	1	0	0	0	0	1	1	1	0	0	0	1	0	0	0	1	0	1	1	1	0	0	1	0	0	0	0	1	0	1	1	1	1	0	0	0	0	0	0	0	1	0	0	1	0	0	1	0	1	0	0	0	0	0	1	0	0	0	0	0	0	0	0	0	1	1	0	1	0	1	0	1	0	0	1	1	1	1	0	1	1	1	1	1	0	0	0	0	1	1	1	0	1	0	0	0	0	0	1	1	1	0	0	1	1	1	0	1	0	0	1	0	0	1	0	0	1
CEU-NA12144	0	1	1	0	0	1	1	1	0	0	1	0	1	1	1	0	1	1	0	1	0	0	1	0	0	0	0	1	1	1	1	1	0	1	1	0	0	0	1	0	0	0	1	0	0	1	1	1	0	1	1	1	0	0	0	0	0	0	0	0	1	1	1	0	1	1	0	0	1	1	1	1	0	1	0	0	0	0	0	1	1	1	1	0	0	0	0	0	0	1	1	1	0	0	1	1	0	0	1	0	0	0	1	1	1	0	0	0	0	0	1	0	1	1	0	1	0
CEU-NA12145	0	1	0	0	0	1	0	1	0	1	0	1	0	0	1	0	1	1	1	0	0	0	1	0	0	0	0	1	0	1	1	0	1	0	0	1	1	0	1	1	1	0	1	1	0	1	1	1	0	0	0	1	0	1	0	0	0	0	1	0	0	0	1	0	1	1	1	1	0	0	1	1	0	1	0	1	1	1	1	0	0	0	0	1	1	1	0	0	1	0	0	0	0	1	1	0	1	0	1	1	1	0	0	1	1	0	1	0	0	0	1	1	1	1	0	0	0
CEU-NA12146	1	0	1	0	0	1	0	0	1	1	0	0	0	0	0	0	1	1	1	0	0	0	1	0	0	0	0	1	1	1	1	1	0	1	1	1	0	0	0	0	0	0	1	1	0	1	1	1	0	1	1	1	1	0	0	0	0	1	1	1	0	0	0	0	1	1	0	1	0	1	1	1	1	0	0	1	1	0	0	0	0	0	0	1	0	0	0	0	0	0	0	0	1	1	0	0	1	1	1	0	1	0	0	1	1	1	1	1	0	0	1	1	1	1	0	1	0
CEU-NA12239	1	0	1	0	0	0	0	1	0	0	1	1	1	1	0	1	1	0	1	1	0	0	1	0	0	0	0	1	1	0	0	0	1	0	0	1	0	1	0	1	1	1	1	0	1	0	0	0	0	1	1	1	0	0	1	0	0	1	0	0	0	0	1	0	1	1	0	0	0	1	1	1	0	0	0	0	0	0	0	1	1	0	0	0	0	0	1	1	1	1	1	0	0	1	0	0	0	1	1	0	1	0	0	1	1	1	0	0	0	0	1	1	1	0	0	1	0
CEU-NA06994	1	0	1	0	0	1	0	1	0	1	0	1	0	0	1	0	1	1	0	0	0	0	1	0	0	1	1	1	1	1	1	0	1	0	0	0	0	1	0	0	0	1	1	1	1	0	0	0	0	1	1	0	0	0	1	0	0	0	1	0	1	0	0	1	1	1	0	1	1	0	0	0	0	1	0	1	1	0	0	0	0	1	1	0	0	0	0	0	0	1	1	1	1	0	0	0	1	0	1	1	1	0	0	0	0	1	0	0	0	0	0	1	0	1	1	1	1
CEU-NA07000	1	0	0	0	0	0	0	1	1	0	0	0	1	1	0	1	1	0	1	0	0	0	0	0	0	0	0	1	1	0	0	1	1	1	1	1	1	0	0	0	0	0	1	1	1	1	0	1	1	0	0	0	1	1	0	0	0	1	1	1	0	1	1	0	0	0	0	0	1	1	0	1	0	1	0	0	0	0	0	0	0	1	1	0	0	0	0	0	1	1	1	1	1	1	0	0	1	1	1	0	1	0	1	1	1	0	0	0	0	0	1	1	0	1	1	1	0
CEU-NA07022	1	1	0	0	0	0	0	0	1	0	1	1	1	1	0	1	0	1	0	0	0	0	0	0	0	0	0	0	0	1	1	0	0	0	0	0	0	0	0	0	0	1	0	1	0	0	0	0	1	0	0	1	0	0	1	0	0	0	0	0	0	0	1	0	1	1	0	1	1	1	0	1	0	1	0	1	1	1	0	0	0	0	0	1	0	0	0	0	1	1	1	0	1	1	0	1	1	1	0	1	1	1	0	1	1	1	1	1	0	1	0	0	0	1	0	0	1
CEU-NA07056	0	1	0	0	0	1	0	1	0	0	1	1	0	0	0	1	0	1	1	0	0	0	1	1	1	1	1	1	0	1	1	1	0	1	1	0	0	0	1	0	0	1	0	0	1	1	1	0	0	1	0	1	0	0	1	0	0	0	0	0	0	0	1	1	1	1	0	1	0	0	1	1	0	1	0	1	1	1	0	0	0	0	0	1	0	0	0	0	1	0	0	0	1	1	1	1	0	1	0	1	1	0	1	0	0	0	1	0	0	0	1	0	1	1	1	0	1
CEU-NA06985	1	0	1	0	0	0	0	1	0	0	0	0	1	1	1	0	1	1	1	1	0	0	0	0	0	0	0	1	0	0	0	1	0	0	0	0	0	0	0	0	1	1	1	0	1	0	1	1	0	1	0	0	0	0	1	0	0	1	1	1	1	1	0	0	1	1	1	1	1	1	0	1	0	1	0	0	0	0	0	0	0	1	1	0	0	0	0	0	0	1	1	0	1	1	1	0	0	0	1	0	1	0	0	0	0	0	1	0	0	1	1	0	1	1	1	0	0
CEU-NA06993	1	0	0	0	0	0	0	0	0	1	1	1	1	1	1	0	1	1	1	1	0	0	1	1	1	1	1	1	1	1	1	0	1	0	0	0	1	0	1	1	0	0	0	1	1	0	0	0	1	0	0	0	0	0	1	1	1	0	0	0	1	1	1	0	1	1	0	1	1	0	1	1	0	1	0	0	0	0	0	0	0	0	0	1	1	1	1	1	1	1	1	0	1	0	0	0	0	1	1	0	1	0	0	1	1	1	1	1	1	0	1	1	0	1	1	1	0
CEU-NA07034	1	1	1	0	0	1	1	1	1	1	0	0	1	1	0	1	1	1	1	1	0	0	1	1	1	1	1	1	0	1	1	0	0	0	0	1	0	1	0	0	1	0	1	0	1	0	1	1	1	0	0	1	0	1	0	0	0	0	0	0	0	0	1	1	1	1	1	1	0	1	0	1	0	1	0	0	0	0	0	1	1	1	1	1	1	1	0	0	1	1	1	0	1	1	1	1	0	0	0	0	0	0	0	0	0	1	1	0	0	0	1	1	1	1	1	1	0
CEU-NA07055	1	0	1	1	1	0	1	1	0	0	0	1	1	1	0	1	1	1	0	1	0	0	1	0	0	0	0	0	1	0	0	0	0	1	1	0	0	0	0	1	0	0	1	0	0	1	1	0	1	0	0	1	0	1	0	1	0	0	0	0	1	1	1	1	1	1	0	0	0	1	0	1	0	0	0	0	0	0	1	0	0	0	0	0	0	0	1	1	1	1	1	1	1	0	0	0	0	0	1	0	1	0	0	1	1	1	0	0	0	0	1	1	1	1	0	0	1
CEU-NA12056	1	0	0	0	0	0	0	0	0	1	0	0	0	0	1	0	1	1	0	0	0	0	1	1	1	1	1	1	0	1	1	1	1	0	0	1	1	0	1	0	1	1	1	0	0	1	1	1	0	1	1	1	0	1	1	0	0	0	0	0	0	1	1	0	0	0	0	1	1	0	1	1	0	1	0	1	1	1	1	1	1	1	1	1	0	0	0	0	0	0	0	0	0	1	0	0	1	0	0	1	1	0	0	0	0	1	0	1	0	0	1	1	1	1	0	1	1
CEU-NA12057	1	1	0	0	0	0	0	0	1	1	0	1	1	1	0	1	1	0	1	0	1	1	1	1	1	1	1	0	0	1	1	0	1	0	0	1	0	0	0	1	0	0	1	0	1	1	1	1	1	0	0	1	1	0	1	0	0	0	0	0	0	0	1	1	1	1	0	1	1	1	0	1	0	1	0	1	1	1	0	0	0	1	1	1	1	1	0	0	1	1	1	0	1	1	1	1	1	0	0	0	0	0	1	1	1	0	1	0	0	1	1	0	1	1	1	1	0
CEU-NA12058	1	1	0	0	0	0	0	1	1	1	0	0	1	1	0	1	0	1	1	0	0	0	1	0	0	1	1	0	0	1	1	1	0	0	0	0	0	0	0	1	1	0	0	0	0	1	1	1	0	1	1	0	1	0	1	0	0	0	0	0	0	0	1	1	1	1	0	1	0	0	1	1	0	1	1	1	1	0	1	0	0	0	0	1	0	0	1	1	1	1	1	0	1	1	0	1	0	1	1	0	1	1	0	0	0	1	0	1	0	0	0	0	1	1	0	0	1
CEU-NA07345	1	0	0	0	0	0	0	1	1	1	0	1	0	0	0	1	0	0	1	0	0	0	1	1	1	0	0	1	0	0	0	0	1	0	0	1	0	0	0	1	1	1	0	0	0	1	1	0	1	0	0	0	0	0	0	0	0	0	1	0	1	1	0	0	1	1	0	1	0	1	1	1	0	0	0	0	0	0	0	0	0	1	1	0	0	0	0	0	1	0	0	0	0	0	1	0	1	1	0	0	1	0	0	0	0	1	0	1	0	0	0	0	1	1	0	1	0
CEU-NA07346	1	0	1	0	0	1	0	1	1	1	1	1	0	0	0	0	1	1	1	0	0	0	0	0	0	0	0	1	0	1	1	0	0	1	1	0	1	0	0	0	1	0	1	0	0	1	0	1	0	1	1	0	0	0	1	0	0	0	1	0	0	1	1	0	0	0	0	0	1	1	0	0	0	1	0	1	1	1	0	1	1	0	0	1	0	0	0	0	0	0	0	1	1	1	1	0	1	1	1	0	1	0	0	0	0	1	0	1	0	0	1	1	1	1	1	0	1
CEU-NA07347	1	1	1	0	0	0	1	1	0	1	0	1	0	0	0	0	1	1	0	0	0	0	1	0	0	0	0	1	0	1	1	0	0	1	1	1	1	0	0	0	1	0	1	0	0	0	1	0	0	1	0	0	0	0	0	0	0	0	1	1	1	0	1	0	1	1	0	1	0	1	0	1	0	1	0	1	1	1	0	1	1	1	1	0	0	0	0	0	0	0	0	0	1	0	1	0	1	0	1	0	0	0	0	1	1	0	1	0	0	0	0	0	1	1	0	0	1
CEU-NA07357	1	0	0	0	0	1	0	1	1	0	0	0	1	1	1	0	1	1	1	0	0	0	1	0	0	1	1	1	0	1	1	0	0	0	0	1	1	0	0	0	0	0	0	1	1	1	0	1	1	0	0	0	0	1	0	0	0	0	1	0	1	0	0	1	1	1	0	0	1	0	1	1	0	1	0	1	1	1	1	0	0	1	1	1	0	0	0	0	1	0	0	0	1	0	0	0	0	0	1	0	1	0	0	0	0	0	0	0	1	0	1	1	0	1	1	1	1
CEU-NA12043	1	1	0	0	0	0	0	0	1	1	0	1	0	0	0	0	1	1	1	1	1	1	1	0	0	0	0	0	0	0	0	0	1	1	1	0	0	0	0	0	1	1	1	0	1	0	0	1	0	1	1	0	0	0	1	0	0	0	1	0	0	0	0	0	0	0	0	0	1	1	0	1	0	1	0	0	0	0	1	0	0	0	0	1	0	0	0	0	1	1	1	0	0	0	0	1	0	0	1	1	0	0	1	0	0	0	0	1	0	0	1	1	1	1	0	1	0
CEU-NA12044	1	0	0	1	1	0	0	1	0	0	0	1	1	1	0	1	1	1	1	1	0	0	1	0	0	0	0	1	1	1	1	1	0	0	0	1	0	0	1	1	1	1	1	0	0	0	1	0	0	1	1	0	0	0	0	1	0	0	1	0	0	0	0	0	1	1	0	1	1	0	0	1	0	0	0	0	0	0	1	0	0	0	0	1	1	1	0	0	1	0	0	0	0	1	0	1	1	0	0	0	1	0	0	0	0	1	1	1	0	0	1	0	1	1	1	1	0
CEU-NA12045	0	0	0	0	0	1	1	1	0	0	1	0	0	0	0	1	1	1	1	0	1	1	1	1	1	0	0	0	0	1	1	0	1	0	0	1	0	0	0	0	1	1	1	0	1	1	0	1	1	0	0	0	0	1	0	1	0	0	0	0	1	1	1	0	1	1	0	0	0	1	1	1	0	1	0	0	0	0	0	1	1	0	0	0	1	1	0	0	0	1	1	0	0	0	0	0	1	0	1	0	1	0	0	1	1	0	0	0	0	0	0	0	0	1	1	0	0
CEU-NA12046	1	1	0	0	0	1	0	1	1	1	0	1	0	0	1	0	1	1	1	1	0	0	1	0	0	0	0	1	0	1	1	1	1	0	0	0	0	0	1	1	1	0	1	0	0	1	1	1	0	1	0	1	0	0	1	1	0	0	1	0	0	0	1	0	0	0	0	0	0	0	1	1	0	0	0	1	1	1	1	0	0	0	0	1	0	0	0	0	0	0	0	0	0	1	0	0	1	1	1	0	1	0	0	0	0	1	1	1	0	0	1	1	0	1	1	1	0
CEU-NA11881	0	1	0	0	0	0	1	1	0	1	0	0	1	1	0	1	1	1	0	0	0	0	1	1	1	0	0	1	0	1	1	0	1	0	0	0	1	0	0	0	1	0	1	0	1	1	1	0	1	0	0	1	0	1	0	0	0	0	1	0	0	1	1	1	1	1	1	1	1	1	1	1	1	0	1	0	0	0	0	0	0	0	0	1	0	0	0	0	0	1	1	0	0	1	0	1	0	0	0	1	1	0	0	1	1	1	0	1	0	0	1	1	1	1	1	1	0
CEU-NA11882	1	0	0	0	0	1	0	1	1	1	1	0	1	1	0	1	0	1	1	0	0	0	0	0	0	1	1	1	1	1	1	1	1	0	0	0	0	0	0	0	0	0	1	1	1	1	1	0	1	0	0	1	0	0	1	0	0	0	0	1	1	0	0	0	1	1	0	1	1	1	0	0	0	0	0	0	0	0	0	0	0	1	1	1	1	1	0	0	0	1	1	0	0	1	1	0	1	1	1	0	1	0	0	1	1	0	1	1	0	0	0	1	0	1	0	1	1
CEU-NA11839	1	1	0	0	0	1	1	1	0	1	0	0	1	1	1	1	1	1	1	0	1	1	1	1	1	0	0	1	1	0	0	1	1	0	0	1	1	0	0	1	1	1	1	0	1	0	0	1	0	1	1	0	0	0	0	1	0	0	1	0	0	1	1	0	0	0	0	0	1	0	1	1	0	1	0	1	1	0	1	0	0	0	0	1	1	1	0	0	0	1	1	0	1	1	0	0	1	0	1	1	1	0	1	0	0	1	0	0	0	0	1	1	0	1	1	0	1
CEU-NA11840	0	1	0	0	0	0	0	1	0	0	1	1	1	1	0	1	1	1	1	0	0	0	1	1	1	0	0	1	1	0	0	1	1	0	0	1	1	1	0	0	1	1	0	1	0	0	0	0	1	0	1	1	0	0	1	0	0	0	0	0	1	1	0	0	1	1	0	1	1	1	1	1	0	0	0	1	1	1	0	0	0	0	0	1	0	0	1	1	0	1	1	0	1	0	1	0	0	0	1	0	1	0	0	0	0	1	0	0	0	0	1	1	1	0	1	1	0
CEU-NA11843	1	1	0	0	0	0	0	1	0	0	0	0	0	0	0	0	0	1	1	0	0	0	1	1	1	0	0	0	0	1	1	0	1	0	0	0	0	0	1	1	1	1	1	0	0	0	1	0	1	1	0	0	0	0	1	0	0	0	0	0	0	0	1	0	1	1	1	1	0	1	0	1	0	1	0	1	1	1	0	1	1	0	0	0	0	0	0	0	1	0	0	0	1	0	1	0	1	1	1	0	1	1	0	1	1	1	1	1	0	1	1	1	1	0	0	0	0
CEU-NA11829	1	0	0	0	0	1	0	1	0	1	1	0	0	0	0	1	1	1	1	1	0	0	1	0	0	0	0	0	1	0	0	1	0	1	1	1	0	0	0	1	0	0	1	0	1	1	1	0	1	0	1	1	0	1	0	0	1	0	0	0	1	0	1	1	1	1	1	1	1	1	1	1	0	1	1	0	0	0	0	0	0	0	0	1	1	1	0	0	1	1	1	0	0	1	1	0	0	0	1	0	1	0	0	1	1	0	0	0	0	1	1	1	1	1	0	0	1
CEU-NA11830	0	1	1	0	0	0	0	1	1	1	0	0	0	0	0	1	0	1	1	0	0	0	1	0	0	0	0	0	1	1	1	0	0	1	1	1	1	1	0	1	0	0	1	0	1	0	0	1	0	1	1	1	0	0	0	1	0	0	0	0	0	0	1	0	1	1	1	1	1	1	1	1	0	1	0	0	0	0	0	0	0	1	1	1	0	0	0	0	1	1	1	0	0	1	0	1	1	0	0	0	1	1	0	1	1	1	0	0	0	0	1	0	0	1	1	1	0
CEU-NA11831	1	0	1	0	0	1	0	1	0	1	0	1	0	0	1	1	0	1	1	0	0	0	1	1	1	1	1	0	0	1	1	1	0	0	0	1	1	0	0	1	0	1	0	0	0	1	1	1	1	0	0	0	0	1	0	0	1	0	0	0	1	0	1	0	0	0	0	1	1	1	0	0	0	1	0	0	0	0	0	1	1	0	0	1	0	0	0	0	0	1	1	0	1	1	0	1	0	0	0	1	1	0	0	1	1	1	0	0	1	1	0	0	1	1	1	0	1
CEU-NA11832	1	0	0	1	1	1	0	1	1	0	0	0	1	1	1	1	1	1	1	0	0	0	1	0	0	0	0	1	0	0	0	1	0	0	0	0	0	1	1	0	0	1	0	1	1	1	0	1	0	1	1	0	0	0	0	0	0	0	0	0	1	0	1	0	1	1	0	1	1	1	0	0	0	1	0	0	0	0	1	1	1	1	1	0	0	0	1	1	1	0	0	0	1	1	0	0	1	0	1	1	1	0	0	1	1	1	1	0	0	0	1	0	1	1	0	1	0
CEU-NA12383	1	1	1	0	0	0	1	1	0	1	0	0	0	0	0	0	1	1	1	0	0	0	1	0	0	0	0	0	0	1	1	1	0	0	0	1	0	0	0	1	1	1	0	1	0	1	0	1	0	1	1	1	0	1	0	0	0	0	1	1	1	0	0	0	0	0	0	1	1	1	0	1	0	1	0	1	1	1	0	0	0	0	0	0	0	0	0	0	1	0	0	1	1	1	1	0	0	0	1	0	1	0	1	0	0	1	0	0	0	1	1	0	1	1	0	0	1
CEU-NA12489	1	1	0	0	0	0	0	1	0	1	0	0	1	1	0	1	1	1	1	0	0	0	1	0	0	0	0	1	0	1	1	1	1	0	0	0	0	0	0	1	1	0	1	0	0	0	1	0	1	0	0	0	1	0	0	0	0	0	1	0	0	0	0	0	1	1	0	1	0	1	1	1	0	1	1	0	0	0	0	1	1	1	1	1	1	1	0	0	1	0	0	0	0	0	0	0	0	1	1	1	1	0	0	0	0	0	0	0	0	0	1	1	1	1	1	0	0
CEU-NA12546	1	0	1	1	1	0	0	1	0	1	1	0	1	1	0	0	0	1	1	0	0	0	1	0	0	1	1	1	1	1	1	0	0	1	1	0	0	1	0	0	0	1	1	0	0	0	1	1	0	1	1	0	0	0	1	1	0	0	0	0	1	1	1	0	1	1	0	1	1	1	0	0	0	1	0	0	0	0	1	0	0	0	0	1	0	0	0	0	0	0	0	0	0	0	0	1	1	1	1	0	1	0	0	0	0	0	0	0	0	1	0	0	1	1	0	1	1
CEU-NA12399	0	0	0	0	0	1	0	1	1	0	0	1	0	0	0	1	1	1	1	0	0	0	1	0	0	0	0	1	0	0	0	1	1	1	1	1	0	0	0	1	1	1	1	1	0	1	1	1	0	1	1	0	0	0	1	1	0	0	0	0	0	0	1	0	1	1	0	1	1	1	1	1	0	1	0	0	0	0	0	1	1	1	1	0	0	0	0	0	1	0	0	0	1	0	1	1	1	0	1	0	1	0	1	1	1	1	0	0	0	1	0	0	0	1	1	1	0
CEU-NA12400	1	1	0	0	0	1	0	0	1	1	0	1	1	1	1	1	1	1	0	0	0	0	1	1	1	1	1	0	0	0	0	1	1	1	1	1	0	1	0	0	0	1	1	1	1	1	1	1	0	1	1	0	0	0	1	0	0	0	1	0	0	0	1	0	1	1	0	1	1	1	1	1	0	0	0	0	0	0	1	0	0	0	0	1	1	1	0	0	1	0	0	0	1	1	1	0	0	0	0	0	1	0	1	1	1	0	1	1	0	0	0	1	1	1	1	1	1
CEU-NA12413	1	1	0	0	0	0	1	1	0	0	0	0	1	1	0	0	0	1	0	1	0	0	1	1	1	0	0	1	1	0	0	1	0	1	1	1	0	0	0	0	0	1	1	0	0	0	1	0	1	0	0	1	0	0	1	1	0	0	0	1	0	1	0	0	0	0	0	0	1	1	1	1	0	1	1	0	0	0	0	1	1	1	1	0	0	0	0	0	0	0	0	0	0	1	1	1	1	0	0	1	1	0	0	0	0	1	0	0	0	0	1	0	0	0	1	1	0
CEU-NA12414	1	0	0	0	0	1	0	1	0	0	0	0	1	1	0	1	1	1	0	0	0	0	1	1	1	0	0	0	0	1	1	0	0	0	0	0	0	0	1	0	1	0	1	0	1	1	0	0	0	1	1	0	0	0	1	0	1	0	0	0	0	1	0	0	1	1	1	1	0	1	1	1	0	1	0	0	0	0	0	1	1	0	0	1	0	0	0	0	1	0	0	0	1	1	0	0	0	1	0	1	1	0	0	1	1	1	0	0	0	0	0	0	1	1	0	0	0
CEU-NA12716	1	1	1	0	0	0	0	1	1	0	1	0	0	0	0	1	1	1	1	0	1	1	0	0	0	0	0	1	1	1	1	1	0	0	0	0	0	0	0	1	0	1	1	1	0	1	1	1	0	0	0	1	0	1	0	0	1	0	1	0	1	1	0	0	1	1	0	1	1	0	0	0	0	1	0	1	1	1	0	0	0	0	0	1	0	0	0	0	1	0	0	0	1	1	0	0	0	0	1	0	1	0	0	1	1	0	1	0	0	0	0	0	1	1	0	0	0
CEU-NA12717	1	0	1	0	0	0	0	1	1	1	1	1	1	1	1	0	1	1	1	0	0	0	1	1	1	1	1	1	0	0	0	0	1	0	0	1	1	0	0	1	0	1	1	0	0	0	1	1	0	1	1	0	0	0	1	0	0	0	0	0	1	0	1	1	1	1	0	1	0	1	1	1	1	0	0	1	1	1	0	0	0	0	0	1	0	0	0	0	1	0	0	0	1	0	0	1	0	1	1	0	1	1	0	0	0	1	0	0	1	0	1	1	1	1	1	0	0
CEU-NA12718	0	1	0	0	0	1	0	1	0	0	1	0	1	1	0	0	1	0	1	0	0	0	1	0	0	0	0	0	0	0	0	1	1	0	0	1	0	0	0	0	0	0	1	0	0	1	1	1	0	0	0	0	0	1	0	0	1	0	0	0	0	0	0	0	0	0	0	0	1	0	1	1	1	0	1	0	0	0	0	0	0	0	0	1	1	1	0	0	1	1	1	0	1	0	1	0	1	0	1	0	0	0	1	0	0	0	0	1	0	1	1	1	1	1	1	1	0
CEU-NA11992	1	1	0	1	1	0	0	1	0	0	1	1	1	1	0	0	1	1	1	1	1	1	0	0	0	0	0	1	1	0	0	1	0	0	0	1	0	0	1	1	1	0	0	1	1	1	1	1	0	1	1	0	0	0	1	1	0	0	1	0	1	1	1	0	1	1	0	1	1	0	0	0	0	1	0	0	0	0	0	0	0	0	0	0	1	1	0	0	1	0	0	0	1	1	0	0	1	0	1	1	1	1	0	0	0	1	0	0	0	0	0	0	1	1	1	1	1
CEU-NA11993	1	0	0	0	0	1	0	1	1	0	0	0	0	0	0	1	1	1	1	0	0	0	0	0	0	1	1	1	1	0	0	1	1	1	1	1	1	1	1	0	1	0	1	1	1	1	1	1	0	1	1	0	0	0	1	0	0	1	1	0	0	0	1	0	1	1	0	0	1	1	0	1	0	1	0	0	0	0	0	0	0	1	1	0	1	1	0	0	1	0	0	0	0	1	0	1	0	0	1	1	1	0	0	1	1	1	1	1	0	0	1	0	1	1	1	0	1
CEU-NA11994	1	0	0	0	0	1	0	1	1	0	1	0	1	1	0	0	1	1	0	1	0	0	1	1	1	0	0	1	1	0	0	1	1	0	0	1	0	0	0	0	1	1	0	0	0	0	1	1	1	0	0	1	0	0	0	1	0	0	1	1	1	0	1	0	1	1	1	1	0	1	0	0	0	1	0	1	1	1	1	0	0	1	1	0	0	0	1	1	1	0	0	0	1	1	0	1	0	1	1	1	1	0	0	1	1	1	0	0	0	0	0	1	1	1	1	0	0
CEU-NA11995	0	0	0	0	0	1	0	0	0	0	1	0	1	1	0	1	0	1	1	0	0	0	1	0	0	0	0	1	0	1	1	0	0	0	0	0	0	0	0	1	1	1	0	0	1	1	0	1	0	1	1	0	0	0	1	1	0	0	0	0	1	0	0	0	1	1	0	0	1	0	0	1	1	0	0	1	1	1	0	0	0	1	1	1	1	1	0	0	1	0	0	0	1	0	0	0	0	1	0	0	1	1	1	0	0	0	0	1	0	0	1	0	1	0	0	1	1
CEU-NA12234	1	1	0	1	1	0	0	1	0	0	0	0	1	1	0	1	1	1	1	0	0	0	0	0	0	0	0	1	1	1	1	1	0	0	0	0	0	1	0	0	0	1	0	0	1	1	1	1	0	1	1	1	0	0	1	1	0	0	1	0	0	0	1	0	1	1	0	0	0	0	1	1	0	0	0	1	1	1	0	0	0	1	1	1	1	1	0	0	0	1	1	0	1	1	1	0	0	1	1	0	0	0	0	0	0	0	0	1	0	0	0	0	1	1	0	0	1
CEU-NA12264	0	0	0	0	0	1	0	1	0	1	0	1	1	1	0	1	0	0	1	1	0	0	0	0	0	0	0	1	0	0	0	1	0	1	1	0	0	0	0	1	1	0	1	0	1	0	1	1	0	1	1	0	0	0	1	0	1	0	0	0	1	0	0	0	1	1	0	1	0	1	1	1	0	1	0	0	0	0	0	1	1	0	0	0	1	1	0	0	0	0	0	1	1	1	0	0	0	1	0	0	1	0	1	0	0	0	0	1	0	0	1	1	0	1	1	1	1
CEU-NA11891	1	1	1	0	0	0	0	1	0	1	1	1	0	0	0	1	1	1	1	1	0	0	1	1	1	0	0	0	0	1	1	1	1	1	1	0	1	0	0	1	0	0	1	0	0	0	1	1	0	1	1	1	0	1	0	1	0	0	0	1	0	0	1	1	1	1	0	1	0	1	0	0	0	1	0	0	0	0	0	0	0	0	0	0	1	1	0	0	1	0	0	0	0	1	0	0	1	0	1	0	1	0	0	1	1	1	0	1	0	1	1	1	0	1	1	1	1
CEU-NA11892	0	0	0	0	0	0	0	1	1	1	1	1	1	1	0	0	1	1	0	1	0	0	1	0	0	0	0	1	0	1	1	0	0	1	1	0	0	0	0	0	1	0	1	0	1	0	1	0	1	0	0	0	0	0	1	1	0	0	1	0	0	0	0	0	1	1	0	0	1	1	1	1	0	1	1	0	0	0	0	1	1	1	1	1	1	1	0	0	1	0	0	0	1	1	0	0	0	1	1	0	1	0	0	1	1	0	0	1	0	0	0	0	1	1	0	1	0
CEU-NA11893	1	0	0	0	0	1	0	1	1	1	0	0	1	1	0	1	0	0	0	0	0	0	1	0	0	0	0	1	0	1	1	0	0	1	1	1	1	0	0	1	0	0	1	0	1	0	0	1	0	1	1	1	0	1	0	1	0	0	0	0	0	1	1	1	1	1	0	1	1	1	1	1	1	0	1	0	0	0	0	0	0	0	0	1	0	0	0	0	1	1	1	0	1	1	1	0	0	1	1	0	1	0	0	0	0	1	1	1	0	0	0	0	1	1	0	1	0
CEU-NA11894	1	1	0	1	1	0	1	1	1	1	1	0	0	0	0	1	1	1	0	0	0	0	0	0	0	0	0	0	0	1	1	1	0	0	0	1	0	0	0	1	1	0	1	0	1	1	0	1	1	1	0	0	0	1	1	0	0	0	1	0	0	0	1	0	1	1	0	1	1	0	0	0	0	1	1	0	0	0	0	0	0	1	1	1	1	1	0	0	1	0	0	0	1	1	0	1	0	0	1	0	1	0	1	1	1	1	0	0	0	0	0	1	1	1	0	0	0
CEU-NA12154	0	0	0	1	1	0	1	1	0	1	0	1	0	0	0	0	0	1	0	1	0	0	0	1	1	1	1	1	0	1	1	1	1	1	1	0	0	0	1	0	1	0	1	0	1	0	0	1	0	1	1	0	0	0	0	1	0	0	1	0	0	0	1	0	1	1	0	1	0	1	1	1	0	0	0	0	0	0	0	0	0	1	1	1	1	1	0	0	0	1	1	0	0	1	0	0	1	1	1	0	1	1	0	1	1	1	0	0	0	0	1	0	1	1	0	0	1
CEU-NA12155	1	1	0	0	0	0	0	1	0	1	0	0	1	1	0	0	0	1	1	1	0	0	0	0	0	1	1	1	1	1	1	0	0	0	0	0	0	0	0	1	0	1	0	0	1	0	0	1	0	1	1	0	0	1	0	0	0	0	1	0	0	0	1	0	1	1	0	1	0	1	0	0	0	1	0	1	1	1	0	1	1	1	1	1	1	1	1	1	0	0	0	1	1	0	0	1	0	0	1	0	1	1	0	1	1	1	0	0	0	0	0	0	0	1	1	0	0
CEU-NA12156	1	1	1	0	0	0	0	1	1	0	0	0	0	0	0	0	1	0	1	0	0	0	1	0	0	0	0	0	0	0	0	0	0	0	0	0	1	0	0	0	0	1	0	0	1	1	1	1	1	0	0	0	0	1	0	0	0	0	0	0	1	1	0	0	0	0	0	1	1	1	0	0	0	1	0	1	1	1	1	0	0	0	0	1	1	1	0	0	0	1	1	0	1	1	0	1	0	1	0	0	1	0	0	0	0	1	0	1	0	0	1	1	1	1	1	0	0
CEU-NA12236	1	1	0	0	0	1	1	1	0	0	1	1	1	1	0	0	1	1	1	0	0	0	1	0	0	0	0	1	1	1	1	0	0	0	0	0	0	0	0	0	0	0	1	0	0	1	1	1	0	1	1	1	0	1	0	0	0	0	0	0	1	0	1	1	1	1	0	0	1	0	0	0	0	0	0	0	0	0	0	0	0	1	1	0	0	0	0	0	0	0	0	0	1	0	0	0	0	1	1	0	1	0	0	1	1	1	0	1	0	0	0	0	1	1	0	0	0
CEU-NA12248	1	1	0	0	0	0	0	1	1	0	0	0	0	0	0	0	0	1	1	0	0	0	0	1	1	0	0	0	0	1	1	1	1	0	0	1	0	0	0	1	1	0	1	0	1	0	1	1	1	0	0	0	0	1	1	0	0	0	1	0	0	0	1	0	1	1	0	0	1	1	0	1	0	1	0	0	0	0	0	1	1	1	1	1	0	0	0	0	1	0	0	1	0	1	0	1	1	0	1	0	1	1	0	0	0	0	1	0	0	0	1	0	1	1	0	1	0
CEU-NA12249	0	1	1	0	0	0	0	1	1	1	0	1	1	1	0	1	0	1	0	0	0	0	1	1	1	0	0	0	0	1	1	1	1	1	1	1	0	0	0	1	0	0	0	1	1	0	0	1	0	1	1	0	0	1	0	0	0	1	0	0	0	0	1	1	0	0	0	0	1	1	1	1	0	1	0	1	1	0	1	1	1	0	0	0	0	0	0	0	1	0	0	0	1	1	0	1	0	0	0	1	1	0	0	1	1	1	0	1	0	0	0	0	0	0	0	0	0
CEU-NA12272	1	1	0	0	0	0	0	1	1	0	0	1	1	1	0	1	0	1	1	1	1	1	1	0	0	0	0	0	1	1	1	0	0	1	1	0	1	0	0	1	0	1	1	0	0	0	1	0	0	1	0	0	0	0	1	1	0	0	0	0	0	0	0	0	1	1	0	0	1	1	1	1	1	0	0	0	0	0	0	0	0	0	0	1	0	0	0	0	1	0	0	0	1	0	0	0	1	1	1	0	1	0	0	1	1	0	0	0	1	0	0	1	0	1	0	1	1
CEU-NA12273	1	1	0	0	0	1	0	1	1	1	0	1	0	0	1	0	0	1	1	1	0	0	0	1	1	0	0	1	0	1	1	1	0	1	1	1	1	0	1	1	1	1	1	0	1	1	1	1	1	0	0	1	0	0	1	1	0	0	0	0	0	0	1	1	1	1	0	1	1	1	0	1	0	1	0	1	1	1	1	1	1	1	1	1	1	1	0	0	1	1	1	1	1	1	1	1	0	1	1	0	1	0	0	1	1	0	0	1	1	0	1	0	1	1	1	1	0
CEU-NA12274	1	1	0	0	0	0	0	1	1	1	0	1	1	1	0	1	1	1	0	1	0	0	1	0	0	0	0	1	0	1	1	1	0	0	0	0	0	1	0	1	1	0	1	0	0	0	0	1	1	0	0	0	0	1	0	1	1	1	1	0	0	0	1	1	1	1	0	1	0	1	1	1	1	0	0	1	1	1	0	1	1	1	1	1	1	1	0	0	0	0	0	0	1	1	1	0	0	0	0	1	1	1	1	1	1	1	0	0	0	0	1	0	0	1	1	1	0
CEU-NA12275	1	0	0	0	0	0	1	1	1	1	0	0	1	1	0	0	1	1	1	0	0	0	1	1	1	0	0	0	0	1	1	1	0	1	1	0	0	0	0	0	0	0	0	1	1	1	0	1	0	1	1	0	0	0	0	0	1	0	0	0	0	1	1	0	0	0	0	0	1	0	0	0	0	1	0	0	0	0	0	1	1	0	0	0	0	0	0	0	0	0	0	0	1	0	1	1	1	0	0	1	1	0	0	1	1	1	0	1	0	0	0	0	1	0	1	0	0
CEU-NA12003	0	1	1	0	0	0	0	1	0	1	0	1	1	1	0	0	1	1	1	0	0	0	0	0	0	1	1	0	1	1	1	0	1	0	0	0	1	0	0	1	1	1	0	1	1	0	1	0	1	1	0	0	0	1	0	0	0	1	0	0	0	0	0	0	0	0	0	0	1	1	0	1	0	1	1	1	1	1	0	1	1	1	1	0	0	0	0	0	1	1	1	0	0	0	1	0	0	0	1	0	1	0	0	0	0	1	0	1	0	1	1	0	1	1	0	1	0
CEU-NA12004	1	1	1	0	0	1	0	1	0	0	0	0	0	0	0	1	1	1	1	0	0	0	1	0	0	0	0	1	1	1	1	1	0	0	0	0	0	1	1	0	1	1	0	0	1	1	0	1	1	0	0	1	0	0	1	1	0	0	0	0	0	0	1	1	1	1	0	1	1	0	0	1	0	1	0	0	0	0	0	1	1	1	1	0	1	1	0	0	1	1	1	1	1	1	0	0	1	0	0	0	1	0	0	1	1	1	0	1	0	0	1	0	1	1	0	0	1
CEU-NA12005	1	0	0	0	0	0	1	1	0	0	1	1	0	0	0	0	0	1	0	0	0	0	1	1	1	0	0	1	0	1	1	0	1	1	1	1	1	0	0	1	1	1	1	0	1	1	0	1	0	1	1	1	0	0	1	0	0	1	1	1	0	1	0	0	1	1	0	1	1	1	1	1	0	0	0	0	0	0	0	1	1	1	1	1	1	1	0	0	0	0	0	1	1	1	1	0	0	0	1	0	1	0	0	1	1	1	0	0	0	0	1	0	1	1	0	1	1
CEU-NA12006	1	0	0	0	0	0	0	1	0	0	0	1	1	1	0	1	1	1	1	0	0	0	1	0	0	0	0	1	0	1	1	1	0	0	0	0	0	0	0	1	1	0	1	0	1	1	0	1	0	1	1	1	0	0	1	1	0	0	0	0	0	0	1	1	1	1	1	1	0	0	0	0	1	0	0	0	0	0	0	1	1	1	1	1	1	1	0	0	1	0	0	1	1	1	0	1	1	1	1	0	1	0	0	0	0	1	0	0	0	0	0	0	1	1	0	1	0
CEU-NA12286	1	1	0	0	0	0	0	0	1	1	1	0	0	0	0	1	1	1	1	1	0	0	1	0	0	0	0	0	1	1	1	0	0	1	1	1	0	0	0	1	1	0	0	0	0	1	1	1	1	0	0	0	0	0	1	1	0	0	0	0	0	0	0	0	1	1	0	1	0	1	0	1	0	0	0	0	0	0	0	1	1	1	1	1	1	1	1	1	0	0	0	0	0	0	0	0	0	1	1	0	1	1	0	1	1	1	0	1	0	0	1	0	0	0	0	1	1
CEU-NA12287	1	0	1	1	1	1	0	1	0	0	0	0	0	0	0	1	1	1	1	0	0	0	1	1	1	0	0	0	1	0	0	0	0	0	0	0	0	0	1	0	1	0	1	0	0	0	1	1	1	0	0	0	0	1	0	0	0	0	0	0	0	1	1	0	0	0	0	1	1	1	1	1	0	1	1	0	0	0	0	0	0	1	1	0	0	0	0	0	1	1	1	0	0	1	0	0	1	0	1	0	1	0	1	0	0	0	1	0	0	1	0	0	0	0	1	1	0
CEU-NA12282	1	1	0	1	1	0	0	1	0	1	0	0	1	1	0	0	1	1	0	1	0	0	1	0	0	1	1	0	1	1	1	1	1	1	1	1	1	0	1	0	0	1	1	1	1	1	0	1	1	0	0	1	0	1	0	0	0	0	0	0	0	0	1	0	0	0	0	0	0	1	1	1	0	1	0	1	1	1	0	1	1	1	1	1	0	0	0	0	1	0	0	1	1	0	1	1	1	0	1	1	1	1	0	1	1	1	0	0	0	0	0	1	0	1	0	1	0
CEU-NA12283	1	0	0	0	0	0	1	0	0	0	1	0	0	0	0	1	1	1	1	1	0	0	1	0	0	0	0	1	1	1	1	1	0	0	0	1	0	0	0	1	0	1	0	1	0	1	1	1	0	1	1	1	0	0	1	0	0	0	0	0	0	1	0	0	1	1	0	1	1	1	0	0	1	0	1	1	1	1	0	0	0	0	0	1	0	0	0	0	1	0	0	0	0	1	0	1	0	0	1	0	1	0	1	1	1	1	0	1	0	0	1	0	0	1	0	1	1
CEU-NA11917	0	1	1	0	0	1	1	1	0	1	1	0	1	1	0	0	1	1	1	0	0	0	1	0	0	0	0	1	0	1	1	1	1	0	0	0	1	0	0	0	0	1	1	0	1	1	0	1	1	0	0	0	1	0	1	1	0	1	0	0	1	0	0	0	1	1	1	1	0	0	0	1	0	0	0	0	0	0	0	1	1	1	1	1	1	1	0	0	0	1	1	1	0	1	0	0	1	0	1	1	0	0	0	0	0	0	1	1	0	0	1	1	1	0	1	1	0
CEU-NA11918	1	1	0	0	0	0	0	1	1	1	1	0	0	0	0	0	0	1	1	1	0	0	1	0	0	0	0	0	0	1	1	1	1	1	1	1	1	0	0	0	0	1	1	0	0	1	0	0	1	0	0	0	0	0	1	0	0	0	1	0	0	0	1	1	1	1	0	1	1	0	1	1	0	0	0	0	0	0	0	0	0	1	1	1	1	1	0	0	1	0	0	0	0	0	0	0	0	1	1	0	1	0	0	1	1	1	0	1	0	1	0	1	1	1	0	1	1
CEU-NA11919	1	1	1	0	0	1	0	1	1	0	0	0	0	0	0	1	1	1	1	1	0	0	0	0	0	0	0	1	1	0	0	0	0	0	0	0	0	0	1	0	1	0	1	0	1	0	0	0	0	1	1	0	0	1	0	1	0	0	1	0	0	0	0	0	1	1	0	1	1	0	1	1	0	0	1	1	1	1	0	1	1	0	0	0	0	0	0	0	1	1	1	0	1	0	0	1	0	1	1	0	1	0	0	0	0	1	0	1	0	0	1	1	0	1	0	0	0
CEU-NA11920	1	0	0	0	0	1	0	1	1	0	0	0	0	0	0	1	1	1	0	0	0	0	1	0	0	0	0	1	0	0	0	1	0	0	0	1	0	0	0	0	0	0	1	0	0	0	0	1	0	1	1	1	0	0	1	1	1	0	0	0	0	1	0	0	1	1	0	1	1	0	1	1	0	1	1	0	0	0	1	0	0	0	0	0	0	0	0	0	1	0	0	0	1	0	0	0	0	1	0	1	0	0	1	1	1	0	0	1	1	0	1	1	0	1	0	1	0
CEU-NA11930	1	0	0	0	0	1	0	1	1	0	0	1	0	0	0	1	1	1	1	1	1	0	0	1	1	1	1	1	0	1	1	0	1	0	0	0	0	0	0	1	1	0	1	0	0	1	0	0	0	1	0	0	0	0	1	0	0	0	0	0	0	0	1	1	1	1	0	1	0	1	1	1	1	0	0	0	0	0	1	0	0	0	0	0	1	1	0	0	0	1	1	0	0	1	0	0	1	0	0	0	0	0	0	1	1	1	0	0	0	1	1	0	0	1	1	0	1
CEU-NA11931	1	1	1	0	0	1	0	1	0	1	1	1	1	1	0	1	1	1	1	1	0	0	1	1	1	0	0	1	1	1	1	1	1	1	1	1	0	0	0	1	1	0	1	0	1	1	1	0	1	1	1	0	0	1	0	1	0	0	1	0	0	1	0	0	1	1	0	1	0	0	0	1	0	1	0	0	0	0	1	0	0	0	0	0	0	0	0	0	0	1	1	0	1	0	0	0	1	0	0	1	1	0	0	0	0	1	1	1	0	0	1	0	1	0	0	0	0
CEU-NA11932	1	1	0	0	0	0	0	1	0	1	0	0	1	1	0	0	0	1	0	1	1	1	1	0	0	0	0	0	1	1	1	1	0	0	0	1	0	0	1	0	1	0	1	0	0	1	0	0	0	0	0	1	0	1	0	1	0	0	0	0	0	1	0	0	1	1	0	1	0	1	1	1	0	1	0	0	0	0	0	0	0	0	0	1	0	0	0	0	1	0	0	0	1	1	1	0	0	0	0	0	1	0	1	1	1	1	0	1	0	0	0	0	1	1	0	1	1
CEU-NA11933	1	0	0	1	1	0	0	1	1	0	1	1	0	0	1	1	0	0	0	0	0	0	1	0	0	0	0	1	0	1	1	1	1	1	1	1	0	0	0	1	1	1	1	0	0	0	1	0	1	1	0	0	0	0	1	1	0	1	1	0	1	1	0	0	1	1	0	0	1	1	0	1	0	0	0	0	0	0	1	1	1	1	1	1	0	0	1	1	1	0	0	0	1	1	1	0	1	1	1	1	1	0	0	0	0	0	1	0	0	1	1	0	0	1	1	1	0
CEU-NA12748	0	1	1	0	0	0	0	1	1	1	0	1	1	1	0	1	1	1	1	1	0	0	0	0	0	0	0	1	0	0	0	0	1	0	0	0	1	1	0	0	1	1	1	0	1	1	1	0	0	1	0	0	0	0	1	1	0	0	0	0	0	0	0	1	1	1	0	1	0	1	1	1	1	0	1	1	1	1	0	1	1	1	1	0	0	0	1	1	1	0	0	0	0	0	0	0	0	1	1	0	0	0	0	1	1	1	1	1	0	0	1	0	1	1	1	0	1
CEU-NA12749	1	0	0	0	0	1	0	1	1	0	1	0	1	1	0	1	0	0	1	1	0	0	1	0	0	1	1	0	0	1	1	0	0	0	0	1	0	0	0	1	0	0	1	0	0	0	0	1	0	1	1	0	0	1	0	0	0	1	1	0	0	1	1	0	1	1	0	0	1	1	1	1	1	0	0	0	0	0	0	1	1	0	0	0	1	1	0	0	1	0	0	0	1	1	0	0	0	1	0	0	1	1	0	0	0	0	0	1	0	0	1	1	0	1	0	1	1
CEU-NA12750	1	1	0	1	1	1	0	1	0	1	1	1	1	1	0	1	1	1	1	0	0	0	1	0	0	0	0	1	1	1	1	0	0	1	1	0	1	1	0	0	1	0	0	1	1	1	0	1	1	1	1	1	0	0	1	0	0	0	0	0	0	0	1	0	1	1	0	0	1	0	0	0	0	1	0	0	0	0	0	1	1	0	0	0	1	1	0	0	0	1	1	0	1	1	1	1	0	0	1	0	0	1	0	0	0	1	0	1	0	0	1	0	1	1	1	0	0
CEU-NA12751	1	1	0	0	0	1	1	0	1	1	1	1	0	0	0	0	1	1	1	1	0	0	1	1	1	0	0	0	0	1	1	1	0	0	0	0	0	0	0	1	0	0	0	0	0	0	0	1	0	1	1	0	0	0	1	1	0	0	0	0	1	0	1	0	0	0	0	0	1	1	0	0	0	1	1	1	1	1	0	0	0	0	0	1	0	0	0	0	1	0	0	0	1	1	0	0	1	0	0	1	1	0	0	1	1	0	0	0	1	0	0	0	0	1	0	1	1
CEU-NA12760	1	0	0	0	0	0	0	0	0	1	0	0	1	1	0	0	1	1	0	0	0	0	0	0	0	1	1	0	1	1	1	1	0	0	0	0	1	0	0	1	0	0	1	0	1	1	1	1	0	1	0	0	0	1	0	1	0	0	0	0	0	1	1	0	1	1	0	1	0	1	1	1	1	0	0	1	1	1	0	1	1	0	0	1	1	1	0	0	1	1	1	0	0	1	0	0	0	0	1	0	1	0	1	1	1	1	0	0	0	0	0	1	0	1	0	1	0
CEU-NA12761	1	0	0	0	0	0	1	0	0	1	1	1	1	1	0	1	1	1	1	1	0	0	1	0	0	0	0	1	0	0	0	0	0	1	1	1	0	1	0	0	0	0	0	1	0	1	1	1	0	1	1	0	0	1	0	1	0	0	0	0	1	1	0	1	0	0	0	1	1	1	0	0	0	1	0	0	0	0	0	0	0	0	0	1	1	1	0	0	0	0	0	0	1	0	1	1	1	1	0	1	1	0	0	0	0	0	0	0	0	0	1	1	1	1	1	0	0
CEU-NA12762	1	0	1	0	0	1	1	1	0	0	0	1	0	0	0	1	1	1	0	0	0	0	1	0	0	0	0	0	0	0	0	0	0	0	0	1	0	0	1	1	0	1	1	1	0	0	0	1	1	1	1	1	0	1	0	0	0	0	1	1	0	0	1	0	0	0	0	0	1	1	0	1	0	0	0	0	0	0	0	0	0	1	1	0	1	1	0	0	1	0	0	0	0	0	0	0	1	1	1	1	1	1	0	1	1	1	0	1	0	0	1	0	1	1	0	1	1
CEU-NA12763	1	0	0	0	0	0	1	1	0	1	1	0	1	1	0	1	0	0	1	1	0	0	0	1	1	1	1	1	0	1	1	1	0	0	0	1	1	0	0	1	1	1	0	1	1	1	0	0	1	0	0	0	0	1	0	0	1	0	1	0	0	1	1	0	0	0	0	0	1	1	1	1	1	0	0	0	0	0	1	1	1	1	1	0	1	1	0	0	0	0	0	0	0	0	1	0	0	0	1	0	1	0	0	0	0	0	0	0	0	0	0	1	1	1	0	1	1
CEU-NA12775	1	0	0	0	0	0	0	0	0	0	0	0	1	1	0	1	1	1	0	0	1	0	1	0	0	0	0	0	1	1	1	0	0	0	0	1	1	0	0	0	0	1	1	0	0	1	0	1	1	0	0	1	0	1	1	1	1	0	0	1	0	1	1	1	0	0	0	0	1	0	1	1	1	0	0	0	0	0	0	0	0	0	0	0	0	0	0	0	0	0	0	0	0	0	0	0	0	0	1	0	0	0	0	1	1	0	0	0	0	0	1	1	1	1	0	0	1
CEU-NA12776	1	0	0	0	0	0	1	1	0	1	0	0	0	0	0	1	1	1	1	1	1	0	1	1	1	0	0	0	0	0	0	0	1	0	0	0	0	1	1	0	1	1	1	0	0	1	0	0	1	1	1	0	0	0	0	1	0	0	0	0	0	0	1	0	1	1	1	1	1	1	1	1	0	1	0	0	0	0	0	1	1	1	1	0	1	1	1	1	1	0	0	0	1	1	0	0	0	0	1	0	1	0	0	0	0	1	0	1	0	0	1	0	1	1	0	1	1
CEU-NA12777	1	0	0	0	0	0	0	1	1	0	0	0	1	1	1	1	0	1	1	0	0	0	1	0	0	1	1	1	0	1	1	0	0	0	0	0	0	0	1	0	0	1	1	0	0	1	1	1	0	1	1	0	0	0	1	0	1	0	0	0	0	1	1	0	1	1	0	0	1	1	0	1	0	1	0	1	1	1	0	1	1	0	0	0	0	0	0	0	1	0	0	0	1	1	1	1	0	1	0	0	1	1	1	1	1	1	0	1	0	0	0	0	1	1	1	0	0
CEU-NA12778	1	1	1	0	0	1	0	1	1	0	0	1	0	0	0	1	1	1	0	0	0	0	1	1	1	0	0	1	0	1	1	1	0	1	1	1	0	0	0	1	1	0	1	1	1	0	0	0	1	0	0	1	0	1	0	1	0	0	1	0	1	0	1	0	1	1	0	1	1	0	1	1	0	1	1	0	0	0	0	0	0	1	1	1	0	0	0	0	1	0	0	1	0	1	1	1	1	0	1	0	1	0	0	0	0	1	1	1	0	0	1	1	1	1	0	0	0
CEU-NA12812	0	0	1	0	0	0	0	1	0	1	0	0	1	1	0	0	1	1	1	0	0	0	0	1	1	1	1	1	1	0	0	0	0	0	0	1	0	0	0	1	1	1	1	0	1	1	1	0	1	0	0	1	0	0	1	0	0	0	0	0	0	0	1	0	0	0	0	0	1	0	1	1	1	0	0	0	0	0	0	1	1	1	1	1	0	0	1	1	0	1	1	0	0	1	0	0	1	0	1	0	1	0	0	0	0	1	0	0	0	0	0	0	1	1	0	0	1
CEU-NA12813	1	1	0	0	0	0	0	1	0	0	1	1	0	0	0	1	1	1	0	1	0	0	1	0	0	0	0	1	0	0	0	1	1	0	0	1	0	0	0	1	1	1	1	0	0	1	0	0	1	0	0	0	0	1	0	0	0	0	1	0	1	0	1	1	0	0	0	0	1	0	1	1	0	1	0	0	0	0	0	1	1	1	1	1	1	1	0	0	0	1	1	0	1	1	1	0	0	1	0	1	1	0	0	0	0	1	0	0	0	0	1	1	1	1	1	0	1
CEU-NA12814	0	0	0	0	0	0	0	1	0	0	1	1	0	0	0	1	1	1	0	1	0	0	1	1	1	0	0	1	1	1	1	1	1	0	0	0	1	0	0	1	1	1	1	1	1	0	0	1	0	1	1	1	0	0	1	1	0	0	0	0	1	0	1	0	1	1	0	0	1	0	1	1	0	1	0	1	1	0	0	0	0	0	0	0	0	0	0	0	1	0	0	1	0	1	0	1	0	1	1	0	1	1	0	1	1	0	0	0	0	0	1	0	1	1	1	1	0
CEU-NA12815	1	1	0	0	0	1	0	1	0	1	0	1	0	0	0	1	1	1	1	1	0	0	0	0	0	0	0	0	0	1	1	1	0	0	0	0	1	0	1	0	1	0	1	1	0	1	1	1	0	1	0	1	0	0	0	0	0	0	0	0	0	1	0	1	1	1	0	1	0	0	1	1	1	0	1	0	0	0	1	1	1	1	1	0	0	0	0	0	0	1	1	1	1	1	1	0	1	1	1	0	0	0	0	1	0	1	0	0	0	0	0	0	0	1	0	1	1
CEU-NA12827	0	1	0	0	0	0	1	1	0	1	0	1	0	0	0	1	1	1	1	1	0	0	1	1	1	1	1	1	1	0	0	0	0	0	0	0	0	0	1	0	0	0	1	0	0	1	0	0	1	0	0	1	0	1	0	0	0	0	0	0	1	0	0	0	1	1	0	1	0	1	1	1	0	1	0	0	0	0	0	1	1	0	0	0	1	1	0	0	1	0	0	1	1	1	1	0	0	0	0	1	1	0	1	0	0	0	0	1	0	0	1	0	1	1	1	0	1
CEU-NA12828	1	1	1	0	0	0	0	1	1	0	0	1	0	0	0	1	1	1	1	0	0	0	1	1	1	0	0	0	1	1	1	0	1	0	0	1	0	1	0	0	1	0	0	0	1	0	1	1	0	1	1	0	0	1	0	1	0	0	0	0	0	1	1	0	0	0	0	0	1	0	0	1	1	0	0	0	0	0	1	1	1	1	1	1	0	0	0	0	1	0	0	1	0	1	0	1	0	0	1	1	1	1	0	1	1	0	0	1	0	0	1	1	1	1	1	1	1
CEU-NA12829	1	1	0	0	0	0	0	1	0	0	0	1	0	0	1	1	0	1	1	1	0	0	1	0	0	0	0	0	1	1	1	1	0	0	0	0	1	1	0	1	1	1	1	0	1	1	1	1	0	1	1	1	0	0	1	1	0	0	1	0	1	1	1	0	0	0	0	1	0	1	0	1	0	0	0	1	1	1	0	0	0	0	0	1	1	1	0	0	1	0	0	0	0	0	0	1	0	0	1	0	1	0	1	1	1	0	0	1	1	0	1	1	0	1	0	1	0
CEU-NA12830	0	1	1	0	0	0	0	1	0	0	1	1	1	1	0	1	0	1	1	0	0	0	1	0	0	1	1	0	0	1	1	0	0	1	1	1	0	0	1	0	0	0	1	0	0	1	0	1	0	1	1	1	0	1	0	1	0	0	0	0	1	0	1	0	1	1	0	1	1	1	1	1	0	1	0	1	1	1	1	1	1	1	1	1	0	0	0	0	0	0	0	1	1	0	0	0	0	0	1	0	1	0	0	1	1	1	1	0	1	0	1	0	1	1	1	1	0
CEU-NA12842	1	1	0	0	0	0	0	1	1	0	0	1	1	1	0	1	1	1	1	1	0	0	1	0	0	1	1	1	0	1	1	0	1	0	0	1	0	0	1	0	0	0	1	1	0	1	0	1	0	1	1	0	0	1	0	1	0	0	0	0	1	1	0	0	1	1	0	1	1	0	1	1	0	0	0	0	0	0	1	0	0	0	0	1	0	0	0	0	0	0	0	0	0	1	0	1	0	0	1	0	1	0	0	1	1	1	0	0	0	0	0	0	1	1	0	0	0
CEU-NA12843	1	1	0	0	0	1	1	1	1	0	1	1	1	1	0	0	1	1	0	1	0	0	0	0	0	0	0	1	0	1	1	0	0	0	0	0	1	1	1	0	0	0	1	0	1	0	1	1	0	1	1	1	0	0	0	0	0	0	0	0	0	1	0	0	1	1	0	0	1	1	1	1	0	0	1	1	1	1	0	0	0	0	0	1	0	0	0	0	0	1	1	0	0	1	0	1	0	0	0	0	1	1	1	1	1	1	0	1	0	0	1	0	1	1	0	1	1
CEU-NA12872	0	0	0	0	0	0	0	0	0	0	1	0	1	1	0	1	1	0	1	0	0	0	1	0	0	0	0	1	0	0	0	0	1	1	1	0	0	0	1	0	0	1	1	0	1	0	0	1	0	1	1	0	0	0	1	1	0	0	0	0	0	0	0	0	1	1	0	1	0	0	1	1	1	0	0	0	0	0	0	1	1	1	1	1	0	0	0	0	0	0	0	1	1	0	1	1	0	0	1	1	1	0	0	1	1	0	0	1	0	0	1	0	1	1	1	1	1
CEU-NA12873	0	0	0	1	1	1	0	1	0	1	1	0	0	0	0	0	1	0	1	0	0	0	1	1	1	0	0	0	1	1	1	1	0	0	0	0	0	0	1	1	0	0	1	0	0	1	0	1	1	0	0	1	0	0	1	1	0	0	0	1	0	0	1	0	1	1	0	1	0	1	1	1	0	1	0	0	0	0	0	0	0	0	0	1	1	1	0	0	1	0	0	0	1	1	0	0	0	0	0	0	1	0	0	1	1	1	1	0	0	0	0	1	1	1	1	1	0
CEU-NA12874	0	1	0	1	1	1	0	1	1	1	0	1	0	0	0	1	1	1	0	1	0	0	0	1	1	0	0	0	0	0	0	0	0	0	0	1	1	0	1	1	1	1	1	0	0	1	0	1	1	0	0	0	0	1	0	0	1	0	1	1	1	0	1	0	1	1	1	1	1	0	0	1	1	0	0	0	0	0	0	0	0	0	0	1	1	1	0	0	0	0	0	1	1	1	0	1	0	0	1	0	1	1	0	0	0	0	0	1	0	1	0	0	1	1	0	0	0
CEU-NA12875	0	1	0	1	1	0	0	1	0	1	1	0	0	0	0	1	1	0	0	1	0	0	1	0	0	0	0	1	0	1	1	1	0	0	0	1	0	0	1	1	0	1	0	1	0	0	1	1	1	0	0	0	0	0	0	0	0	1	1	0	0	1	1	0	1	1	0	1	1	1	0	1	0	0	0	0	0	0	1	0	0	0	0	1	1	1	0	0	0	0	0	0	1	1	0	0	0	1	1	1	1	0	0	1	1	1	0	0	0	0	1	0	1	1	0	1	0
CEU-NA12889	1	1	1	0	0	0	0	1	0	1	0	0	1	1	0	0	1	1	1	0	0	0	1	0	0	0	0	0	1	0	0	0	1	1	1	1	1	0	1	0	1	0	1	0	0	1	1	0	1	0	0	0	0	0	1	0	0	0	0	1	0	1	0	1	1	1	0	1	1	1	0	0	0	1	0	1	1	1	0	1	1	0	0	0	0	0	1	1	1	0	0	0	1	1	0	0	0	0	1	0	1	0	0	0	0	1	0	0	0	0	0	1	0	1	0	0	1
CEU-NA12890	1	1	0	0	0	0	0	1	0	0	0	0	1	1	0	0	1	1	1	0	0	0	0	1	1	1	1	1	0	1	1	0	0	0	0	1	1	0	0	0	1	1	1	0	1	1	1	1	1	0	0	1	0	0	1	0	0	0	0	0	0	0	1	0	1	1	0	1	0	1	1	1	0	1	0	1	1	1	0	0	0	0	0	0	0	0	0	0	1	1	1	0	1	1	1	0	0	0	0	1	1	0	1	1	1	1	1	0	0	1	1	1	1	0	0	1	0
CEU-NA12891	1	0	0	0	0	0	1	1	1	1	0	0	1	1	1	0	1	1	1	0	0	0	1	0	0	0	0	0	0	1	1	1	0	1	1	1	1	0	0	0	0	0	1	0	0	1	0	0	0	1	1	1	0	1	0	0	0	1	1	0	0	0	0	0	1	1	0	1	1	1	0	0	0	0	1	0	0	0	0	0	0	1	1	0	0	0	0	0	0	0	0	0	1	1	1	0	0	1	1	1	1	0	0	0	0	1	0	0	0	0	1	1	0	1	1	1	0
CEU-NA12892	1	0	0	0	0	0	1	1	0	1	0	1	1	1	0	0	1	1	1	0	0	0	0	1	1	0	0	1	0	0	0	1	0	1	1	1	1	1	1	0	1	1	1	0	1	0	1	1	0	0	0	1	0	0	1	1	0	0	0	0	0	0	1	0	1	1	0	0	0	1	0	0	0	1	0	0	0	0	0	0	0	0	0	1	0	0	0	0	1	0	0	0	1	1	0	1	0	1	1	0	1	0	1	1	1	0	0	0	0	0	1	1	1	1	0	1	1
YRI-NA18486	1	0	1	1	1	0	0	1	1	0	1	1	1	1	1	1	0	0	1	0	1	1	0	1	1	1	1	1	1	0	0	0	0	1	1	1	0	0	0	0	0	0	0	1	0	0	0	0	0	1	1	1	0	1	0	0	0	0	0	0	0	1	1	0	1	1	1	1	0	0	0	0	1	1	1	1	1	1	0	0	0	0	0	1	0	0	1	1	0	1	1	1	1	0	0	1	0	1	0	1	1	1	0	0	0	0	0	1	0	1	0	1	1	1	0	0	1
YRI-NA18488	1	0	0	0	0	0	1	0	1	0	1	1	0	0	0	1	0	0	0	0	1	1	0	0	0	1	1	0	0	0	0	0	1	1	1	1	1	1	0	1	0	0	0	0	0	0	0	0	0	1	0	0	1	0	1	1	0	0	1	0	0	1	1	1	0	0	1	1	0	0	1	1	1	1	0	0	0	0	1	0	0	1	1	0	0	0	1	0	1	1	1	1	1	0	1	1	1	1	0	1	0	0	0	0	0	1	1	0	0	1	1	1	0	0	1	0	0
YRI-NA18487	0	0	1	1	1	0	1	0	1	0	1	0	1	1	1	1	1	1	0	1	1	1	0	0	0	0	0	1	1	1	1	1	1	1	1	1	1	1	0	1	1	0	0	1	0	0	0	0	1	0	0	0	1	0	0	0	1	1	0	1	1	1	0	0	0	0	1	0	0	0	0	0	1	0	0	1	1	0	1	1	1	0	0	1	1	1	1	1	1	0	0	1	0	1	1	1	0	1	0	0	0	1	1	0	0	1	1	0	1	0	0	1	1	0	1	0	1
YRI-NA18489	1	0	1	1	1	0	0	1	1	0	1	0	1	1	1	0	0	0	0	0	1	1	0	0	0	1	1	0	1	0	0	0	0	0	0	0	0	1	0	0	1	1	1	0	1	0	1	0	1	0	0	1	0	1	1	1	1	1	1	1	0	1	0	0	1	1	1	1	1	1	1	1	0	1	1	1	1	1	1	1	1	1	0	1	0	0	1	0	1	1	1	1	1	1	0	0	1	1	0	1	0	1	1	1	1	1	1	0	0	1	0	1	1	0	1	1	1
YRI-NA18498	1	1	0	1	1	0	1	0	0	0	0	0	1	1	1	0	0	1	0	1	1	1	1	0	0	0	0	1	1	1	1	0	0	1	1	1	1	0	1	0	1	0	0	1	1	0	1	0	1	0	0	1	1	0	1	0	1	1	1	1	1	1	0	1	0	0	0	1	0	1	0	0	0	1	1	1	1	1	1	0	0	0	0	0	1	1	0	0	0	0	0	1	1	0	1	1	1	0	0	0	0	1	1	0	0	0	1	1	1	1	0	1	0	1	1	1	1
YRI-NA18499	0	0	1	1	1	1	1	0	0	0	1	1	1	1	1	1	0	1	0	1	1	1	1	1	1	1	1	1	1	0	0	0	1	0	0	1	0	0	0	0	0	0	0	1	1	1	1	0	1	0	0	0	0	0	0	0	0	1	1	1	1	1	0	1	1	1	1	0	1	0	1	1	0	1	1	1	1	1	1	1	1	0	0	0	1	1	1	1	1	0	0	1	0	1	1	0	1	1	0	0	1	1	1	1	0	0	1	1	1	0	0	1	0	0	1	0	0
YRI-NA18501	1	0	1	1	1	0	1	0	1	0	0	1	0	0	1	1	0	0	1	1	1	1	0	0	0	1	1	0	0	0	1	0	1	1	1	1	0	0	1	1	1	0	0	1	0	0	0	1	0	0	1	1	0	1	0	1	1	1	0	1	1	1	0	0	0	0	1	0	0	0	0	0	0	1	0	1	1	0	1	0	0	0	0	1	1	1	1	1	0	1	1	0	0	0	1	0	1	1	0	1	0	0	1	0	0	1	1	0	1	1	0	0	0	0	1	0	1
YRI-NA18502	1	0	1	1	1	0	1	0	1	1	1	1	1	1	1	1	0	0	0	1	0	0	0	0	0	1	1	1	1	0	0	0	0	1	1	0	0	1	0	0	0	0	0	1	0	0	0	0	0	1	1	0	1	0	0	0	0	1	0	0	1	1	1	1	1	1	1	1	1	1	1	1	1	0	1	1	1	0	1	1	1	0	0	1	1	1	1	1	1	0	0	1	1	0	1	1	1	0	0	1	0	1	0	0	0	1	1	1	1	1	0	0	0	0	0	1	0
YRI-NA18504	0	1	0	1	1	0	1	0	1	1	0	1	0	0	0	0	1	0	0	0	1	1	0	0	0	0	0	1	1	0	1	0	1	0	0	1	1	1	0	0	1	1	0	1	1	0	1	1	0	0	1	1	1	1	0	1	1	1	1	1	1	1	0	1	1	1	1	0	1	1	0	0	1	1	0	0	0	0	1	0	0	0	0	1	1	1	1	1	1	0	0	1	0	1	0	1	0	0	0	1	0	0	1	0	0	1	0	1	1	1	0	1	0	0	1	0	0
YRI-NA18505	0	0	0	1	1	0	0	0	1	0	1	1	0	0	0	0	0	0	0	1	1	1	0	1	1	1	1	1	1	0	0	0	1	1	1	0	1	1	0	1	1	0	0	1	0	0	0	0	1	0	1	0	1	0	0	0	0	0	1	0	1	1	0	0	0	0	0	1	0	0	1	1	0	1	1	0	0	0	1	0	0	0	0	0	1	1	1	1	0	0	0	1	1	1	0	0	1	0	0	1	0	1	1	1	0	1	1	0	1	0	0	1	1	0	1	1	1
YRI-NA19107	0	0	1	1	1	0	1	0	1	1	1	0	1	1	1	1	0	0	1	0	1	1	0	0	0	1	1	1	0	0	0	1	0	0	0	1	0	0	1	0	0	0	0	1	0	0	1	0	1	0	1	0	1	0	1	1	1	0	0	0	0	1	1	1	0	0	0	1	0	0	1	1	1	0	1	0	0	0	0	0	0	1	1	0	1	1	1	1	0	1	1	1	0	1	0	1	1	0	0	0	0	1	1	0	0	1	1	0	1	0	0	1	0	0	0	1	1
YRI-NA19108	0	1	1	1	1	0	1	0	1	1	1	0	0	1	1	1	0	0	0	1	1	1	1	0	0	1	1	1	1	0	0	0	0	0	0	1	0	0	1	1	1	0	0	1	1	0	0	1	1	0	0	0	0	0	1	0	1	0	1	1	1	1	1	0	0	0	1	0	0	0	0	0	1	0	0	1	1	1	1	1	1	1	1	1	1	1	1	1	1	0	0	0	1	0	0	0	0	0	0	1	0	1	1	1	1	1	1	0	1	1	0	0	0	0	1	0	0
YRI-NA18867	0	0	0	1	1	1	0	0	1	0	1	0	1	1	1	0	0	0	1	0	0	0	0	0	0	1	1	1	0	0	0	0	1	0	0	0	1	0	1	1	1	0	1	1	0	0	0	1	1	0	0	0	1	0	1	0	1	1	1	1	1	1	1	0	0	0	0	1	0	0	0	1	1	0	1	0	0	0	0	1	1	0	0	0	1	1	0	0	0	0	0	1	0	1	0	0	0	0	1	0	1	0	1	1	0	0	1	0	1	1	1	1	1	0	1	0	0
YRI-NA18868	1	1	0	1	1	0	0	0	1	0	1	0	0	0	0	0	0	0	1	1	1	1	0	0	0	1	1	1	1	0	1	0	1	1	1	1	0	0	1	0	0	1	0	1	1	0	0	0	1	0	1	1	0	0	1	0	1	1	1	1	1	1	0	1	0	0	1	0	0	0	0	0	1	0	1	1	1	0	1	0	0	1	1	0	1	1	0	0	1	1	1	1	0	0	1	0	1	0	0	0	0	1	0	1	0	1	1	1	1	1	1	0	0	0	0	1	0
YRI-NA18507	0	0	1	1	1	0	1	0	1	0	0	1	0	0	0	0	0	1	0	1	1	1	1	1	1	1	1	0	0	0	0	1	0	0	0	0	1	1	0	1	1	0	0	1	1	0	1	1	0	1	0	1	1	0	1	0	1	0	1	1	1	1	1	0	0	0	1	0	0	1	0	0	1	0	1	1	1	1	0	1	1	0	0	1	0	0	0	0	0	1	1	1	0	0	1	0	0	0	0	1	1	1	1	1	1	0	1	0	1	1	0	0	1	0	1	1	1
YRI-NA18508	0	0	1	1	1	0	0	0	1	0	0	1	0	1	1	0	1	0	1	0	1	1	0	1	1	0	0	1	1	0	1	0	1	1	0	1	1	1	0	0	1	1	1	1	1	1	0	0	1	1	0	0	1	0	1	1	1	1	1	0	0	1	1	1	1	1	1	0	0	0	0	0	1	0	0	0	0	0	0	0	0	1	0	0	0	0	0	0	1	1	1	1	1	0	1	1	0	0	0	0	0	0	0	0	0	0	1	1	1	0	0	1	1	1	0	1	1
YRI-NA18511	0	1	0	1	1	1	0	0	1	0	0	1	0	1	1	1	1	0	0	1	1	1	0	0	0	1	1	1	1	0	0	0	1	0	0	0	1	1	1	0	1	0	0	1	0	0	0	0	1	1	0	0	1	1	0	1	1	1	1	1	1	1	1	1	0	0	1	0	0	1	0	0	0	1	1	0	0	0	1	1	1	1	1	1	0	0	1	1	1	1	1	1	1	0	1	1	0	0	1	0	1	1	0	1	0	1	1	1	1	0	0	1	0	1	1	1	0
YRI-NA18510	0	1	1	0	0	0	1	0	1	0	0	1	0	0	0	1	0	0	0	1	1	1	0	1	1	0	0	1	0	0	1	0	1	0	0	1	1	1	0	0	1	1	0	1	0	0	1	1	0	0	1	0	1	0	1	1	1	0	0	0	1	0	1	0	0	0	1	1	0	0	0	0	0	1	1	1	1	1	1	1	1	0	0	1	0	1	0	0	0	0	0	1	0	0	0	1	1	1	0	1	0	1	1	0	0	0	0	0	1	1	0	0	0	0	1	0	1
YRI-NA18858	0	1	0	0	0	0	1	1	1	0	0	0	0	1	1	0	0	0	0	1	0	0	0	0	0	1	1	0	1	1	1	0	1	1	1	1	0	1	0	1	0	1	0	1	0	1	0	0	0	0	0	0	0	1	1	1	1	1	1	0	1	1	1	1	1	0	1	1	0	1	0	0	1	0	1	1	1	0	1	1	1	1	1	1	1	1	1	1	0	1	1	1	0	0	1	0	1	1	1	1	0	0	1	1	0	0	1	0	1	0	0	0	0	0	1	0	0
YRI-NA18859	0	0	0	1	1	1	0	0	1	0	1	0	1	1	1	0	0	0	0	1	1	1	0	1	1	1	1	1	0	0	0	1	0	0	0	1	1	1	0	1	1	0	1	1	1	0	1	1	1	0	0	0	1	0	1	0	1	0	0	0	0	1	0	0	0	0	1	1	0	0	0	0	1	1	1	1	1	0	1	0	0	0	0	0	1	1	0	0	0	1	1	1	0	0	1	1	0	0	0	1	0	1	1	0	0	1	1	1	1	0	1	1	0	0	1	0	1
YRI-NA18516	0	0	1	1	1	1	0	1	1	0	1	1	0	0	1	1	1	0	0	1	1	1	0	1	1	0	0	1	0	0	0	0	1	0	0	1	0	1	0	0	0	0	0	1	1	0	0	1	0	0	1	0	1	1	0	0	1	1	1	0	1	1	0	1	0	0	1	0	1	0	1	1	1	1	1	1	1	0	1	0	0	0	0	0	1	1	1	1	0	1	1	1	1	0	0	1	1	0	0	1	1	1	0	0	0	1	1	1	1	1	0	1	0	0	0	0	1
YRI-NA18517	0	0	1	0	0	1	1	0	1	0	1	1	0	0	1	1	0	1	1	1	1	1	0	1	1	0	0	1	1	0	0	0	0	0	0	1	1	0	1	1	1	1	0	0	0	1	0	0	0	0	0	0	1	0	1	1	1	1	0	1	0	1	1	1	0	0	1	0	1	0	1	1	1	0	1	1	1	1	0	0	0	0	0	0	0	0	1	1	0	1	1	1	0	1	1	0	1	1	1	1	1	1	1	1	1	0	1	1	1	1	1	1	0	1	0	0	1
YRI-NA18519	1	0	0	0	0	1	1	1	1	0	0	0	0	0	0	0	0	0	0	1	1	1	0	0	0	0	0	0	0	0	0	0	1	1	1	1	0	0	0	0	1	1	0	1	1	0	1	1	0	1	0	0	1	0	1	0	0	0	0	1	1	1	0	1	1	1	0	0	0	0	0	0	1	0	0	1	1	0	1	1	1	1	1	0	1	1	1	1	1	0	0	1	0	1	1	1	1	0	0	1	1	1	1	0	0	1	1	0	1	0	0	0	0	0	0	1	1
YRI-NA18520	1	0	1	1	1	1	1	1	1	0	1	1	1	1	1	1	0	1	0	1	1	1	1	0	0	1	1	0	1	1	1	0	0	1	0	1	1	1	0	0	0	0	0	1	1	1	1	1	1	0	0	0	1	0	1	0	1	1	1	0	1	1	1	0	0	0	1	0	0	1	0	0	1	0	0	0	0	0	1	1	1	0	0	0	0	0	1	0	1	0	0	1	0	1	1	1	1	1	0	0	0	0	0	1	0	0	1	0	1	0	0	1	0	0	1	0	1
YRI-NA18522	1	0	1	1	1	1	1	0	1	0	1	1	1	1	1	1	1	1	0	1	1	1	0	0	0	1	1	1	1	0	1	0	1	0	0	0	1	0	0	1	1	0	1	1	1	0	0	0	1	0	0	1	0	0	1	0	1	1	1	0	1	0	1	0	0	0	1	0	1	0	1	1	1	0	1	1	1	1	1	0	0	1	1	0	1	1	0	0	1	0	0	1	1	0	1	0	1	1	1	0	0	1	1	1	0	0	1	1	1	1	0	1	0	0	0	1	0
YRI-NA18523	0	1	0	1	1	0	1	0	1	0	0	1	0	0	1	0	1	1	0	1	1	1	0	1	1	1	1	1	0	0	0	1	0	0	0	1	1	1	1	0	1	0	0	1	0	0	0	0	0	0	1	0	1	1	0	1	1	1	1	0	1	1	0	1	0	0	0	1	0	0	0	0	1	0	1	1	1	1	1	1	1	0	0	0	0	0	1	1	1	1	1	1	0	0	0	0	1	0	0	1	0	1	0	0	0	1	0	1	1	1	0	1	1	0	0	0	0
YRI-NA18870	1	0	0	1	1	0	1	1	0	1	1	0	0	0	1	0	0	0	0	0	1	1	1	1	1	0	0	1	1	0	1	0	1	1	1	0	0	0	0	1	0	0	0	1	0	0	1	1	0	1	1	0	1	0	0	0	0	0	0	1	1	1	0	0	0	0	1	0	0	0	0	0	1	0	0	1	1	0	1	1	1	1	1	1	1	1	1	1	0	0	0	1	0	1	1	1	1	1	0	1	0	0	1	1	1	0	1	0	1	1	0	1	1	1	0	0	1
YRI-NA18871	1	1	1	1	1	0	0	0	1	0	0	1	0	0	1	0	1	0	0	0	1	1	1	1	1	1	1	1	1	0	0	0	0	0	0	0	0	0	0	1	1	1	0	1	1	0	0	0	0	0	0	0	1	1	0	0	1	1	1	0	1	1	1	0	0	0	1	1	0	1	0	0	0	0	1	1	1	1	1	0	0	1	1	0	1	1	1	1	0	1	1	1	1	0	1	0	1	1	0	0	1	1	1	1	1	1	1	1	1	1	0	1	0	1	0	1	1
YRI-NA18852	1	1	1	0	0	1	0	0	1	0	0	0	0	1	1	1	1	0	0	1	1	1	0	1	1	0	0	0	1	0	0	0	1	1	1	1	1	0	0	1	0	0	0	1	1	0	0	0	1	0	1	1	1	1	0	1	0	0	1	0	1	1	0	1	1	0	1	0	0	0	0	0	0	1	0	0	0	0	1	0	0	0	0	0	0	0	0	0	1	1	1	1	0	1	1	1	0	0	0	1	0	0	1	1	0	0	1	1	1	1	0	1	0	0	1	1	0
YRI-NA18853	0	0	1	0	0	1	0	0	0	0	1	0	0	0	1	1	1	1	0	1	1	1	1	0	0	1	1	1	1	1	1	0	1	1	1	1	1	1	1	0	0	0	0	1	0	0	0	1	0	1	1	1	0	1	1	0	1	0	0	1	0	1	0	0	0	0	1	0	1	0	1	1	1	0	1	0	0	0	0	1	1	0	0	1	0	0	1	1	0	1	1	1	1	1	1	0	0	0	1	0	0	1	1	1	1	1	0	0	1	1	1	1	0	0	0	1	0
YRI-NA18873	1	0	1	0	0	0	1	0	1	0	1	0	1	1	1	0	0	1	0	1	1	1	1	1	1	1	1	1	0	1	1	1	0	0	0	1	0	1	1	0	1	0	0	1	0	0	0	0	0	1	1	0	1	0	0	0	1	0	0	0	1	1	0	1	0	0	1	0	1	0	0	0	0	1	1	1	1	1	1	0	0	0	0	1	1	1	0	0	0	1	1	1	1	1	1	1	0	0	1	0	1	0	1	1	0	0	1	1	1	1	0	1	0	0	1	0	0
YRI-NA18874	0	0	1	1	1	0	0	1	0	0	1	0	0	0	1	1	0	0	0	1	0	0	1	0	0	1	1	1	1	0	0	0	1	0	0	0	0	0	0	1	1	1	0	1	1	1	0	1	1	1	1	1	1	0	0	0	1	1	1	1	1	1	1	1	1	1	1	1	0	0	0	0	1	0	0	1	1	0	0	1	1	0	0	1	0	0	1	1	1	0	0	1	0	1	0	1	1	0	1	0	1	0	1	1	0	0	1	0	1	1	0	1	0	1	1	0	0
YRI-NA18876	0	0	1	1	1	0	1	1	0	1	1	1	0	1	0	1	0	0	0	1	0	0	1	0	0	1	1	1	1	1	1	1	1	0	0	1	1	1	1	0	0	1	0	0	0	0	0	1	0	1	1	1	0	1	0	0	1	1	0	0	1	1	1	1	1	1	1	0	1	0	0	0	0	1	1	1	1	0	0	1	1	1	1	0	0	0	1	1	1	1	1	1	0	0	1	0	1	0	0	0	1	0	1	1	0	1	1	0	1	1	0	1	0	1	0	0	1
YRI-NA18877	0	0	0	1	1	0	1	1	0	1	1	1	1	1	1	0	0	0	1	1	1	1	0	1	1	1	1	0	1	0	0	0	1	1	1	1	0	1	0	0	0	1	0	0	0	0	1	1	1	0	0	1	1	1	0	0	0	0	0	0	0	0	0	1	0	0	1	0	0	0	0	0	0	0	1	1	1	1	0	1	1	0	0	1	0	0	1	1	1	0	0	1	1	1	1	0	0	1	1	1	0	1	1	0	0	0	0	0	1	1	1	1	0	0	1	1	1
YRI-NA18878	1	1	1	1	1	0	0	1	1	0	0	1	0	0	1	0	1	1	0	1	1	1	0	0	0	1	1	1	1	0	0	0	0	0	0	1	0	1	0	1	1	1	1	1	1	1	0	0	1	0	0	0	1	0	0	0	0	1	0	1	1	1	0	0	0	0	1	0	0	0	0	0	1	1	1	0	0	0	1	0	0	0	0	0	0	0	1	1	0	1	1	1	0	1	0	0	0	0	1	0	1	1	1	0	0	0	1	1	1	1	0	1	0	1	1	0	0
YRI-NA18879	0	1	1	1	1	1	1	0	1	1	0	1	0	1	1	0	0	0	0	1	0	0	0	0	0	0	0	0	1	1	1	1	1	1	1	1	1	1	0	0	0	1	0	1	0	0	0	1	0	1	0	1	1	0	1	1	1	1	1	0	1	1	0	1	1	0	1	0	0	0	0	0	0	0	0	1	1	1	0	0	0	0	0	0	1	1	1	1	1	0	0	1	0	0	1	1	1	0	1	1	0	1	0	0	0	0	1	0	1	1	0	1	1	0	0	0	1
YRI-NA18881	1	0	1	1	1	0	1	0	1	0	1	0	1	1	1	0	0	0	0	0	0	0	1	0	0	1	1	0	1	0	0	1	0	1	0	1	1	1	1	0	0	1	1	1	0	0	0	1	0	1	1	1	1	0	1	0	1	1	0	1	0	0	1	0	0	0	1	0	0	0	0	0	1	1	0	0	0	0	1	0	0	0	0	0	1	1	1	1	0	1	1	1	0	0	1	0	1	0	0	1	1	0	1	1	0	0	1	0	1	1	0	0	0	1	0	1	0
YRI-NA18855	0	0	0	1	1	1	1	0	1	1	0	0	0	0	1	0	0	1	0	1	1	1	0	1	1	1	1	0	0	1	1	0	1	0	0	1	1	1	1	1	0	0	0	1	1	1	1	1	0	1	0	0	0	0	1	1	1	1	1	1	1	1	0	0	0	0	0	1	1	0	1	1	1	0	1	1	1	1	1	1	1	0	0	1	1	1	1	1	0	0	0	0	0	1	0	1	1	0	1	1	1	1	0	0	0	0	1	1	1	0	1	1	0	1	1	0	1
YRI-NA18856	0	0	1	1	1	0	1	1	1	0	0	0	0	0	1	1	0	0	0	0	0	0	0	1	1	1	1	0	1	1	1	0	1	0	0	0	1	1	1	1	0	0	0	1	1	0	1	0	1	0	0	1	1	0	1	1	1	1	1	1	1	0	1	0	0	0	1	1	0	0	1	1	1	0	1	1	1	1	0	1	1	1	1	1	1	1	1	1	1	1	1	1	0	0	1	1	1	1	1	1	1	0	0	0	0	1	1	1	1	0	0	1	0	0	0	0	0
YRI-NA18861	1	0	0	0	0	1	1	0	1	1	0	0	1	1	1	1	0	1	0	0	1	1	0	0	0	1	0	1	0	0	0	0	0	1	1	1	1	1	0	1	0	0	1	1	0	1	0	0	0	1	0	0	1	1	0	0	0	1	1	0	1	1	1	0	1	1	1	0	0	1	0	0	1	0	1	1	1	1	1	1	1	0	0	1	1	1	1	1	0	1	1	1	0	1	1	1	1	1	0	0	0	1	1	1	1	1	1	0	1	0	0	1	0	1	1	1	0
YRI-NA18862	1	1	0	1	1	0	0	0	1	0	0	0	0	0	1	1	0	0	0	1	0	0	0	1	1	1	1	0	1	0	0	1	1	0	0	1	1	0	1	1	1	0	0	1	0	0	0	0	0	0	1	1	1	1	1	1	1	1	1	1	0	1	1	0	0	0	0	0	0	0	1	1	1	0	1	1	1	1	1	1	1	0	0	1	0	0	1	1	0	0	0	1	1	0	1	0	1	0	0	0	0	1	1	1	1	1	1	1	1	1	0	0	0	0	1	0	0
YRI-NA18907	0	1	1	1	1	1	1	0	1	0	0	1	0	0	1	0	0	0	0	1	0	0	1	0	0	1	1	1	1	0	0	1	1	1	1	1	1	1	1	1	1	1	1	1	0	0	0	0	1	0	0	0	0	0	1	0	1	1	1	1	1	1	0	1	1	1	1	0	0	0	1	1	1	0	1	1	1	1	1	1	1	1	1	1	0	0	1	1	0	1	1	1	1	1	1	1	0	0	0	0	0	1	1	1	1	1	1	1	1	0	0	0	0	1	0	0	1
YRI-NA18908	1	0	1	1	1	1	1	1	1	1	0	0	1	1	1	0	0	1	0	1	0	0	0	1	1	1	1	1	0	0	0	0	0	0	0	1	0	1	0	1	1	0	1	1	1	0	0	1	0	1	0	1	1	1	0	0	1	1	1	1	1	0	1	1	0	0	1	0	0	0	1	1	1	1	1	1	1	1	1	1	1	1	1	1	0	0	1	1	0	1	1	1	1	1	1	0	0	0	0	1	0	1	1	1	0	1	1	0	0	1	0	1	1	0	1	1	1
YRI-NA18864	1	1	0	0	0	0	1	0	1	1	1	1	0	1	0	1	0	1	0	1	1	1	0	0	0	1	1	0	1	1	1	0	1	1	1	0	1	0	0	1	0	1	0	1	1	0	0	0	1	0	0	1	1	0	0	0	0	0	1	1	0	0	0	1	0	0	1	0	0	1	0	0	1	0	0	1	1	1	0	1	1	0	0	1	1	1	1	0	1	1	1	1	0	0	1	0	0	0	1	1	0	1	0	1	0	0	1	0	1	1	1	1	0	1	1	0	0
YRI-NA18865	1	0	1	1	1	1	0	1	0	0	0	1	0	0	1	1	0	0	0	1	1	1	1	1	1	1	1	0	1	1	1	0	1	0	0	0	1	0	1	0	0	0	0	1	1	0	0	1	1	0	0	0	1	0	1	0	0	1	0	0	1	1	1	1	1	0	1	0	0	1	1	1	1	0	1	0	0	0	0	0	0	0	0	1	0	0	1	0	1	0	0	1	1	0	1	1	1	0	0	0	0	1	0	1	0	0	1	0	1	0	0	1	0	0	1	0	0
YRI-NA18909	0	0	0	1	1	0	1	0	0	0	0	1	0	0	1	0	1	0	1	0	1	1	0	1	1	1	1	1	1	1	1	0	0	1	1	0	1	1	1	0	1	0	0	1	0	0	1	0	0	1	1	0	1	1	1	0	0	0	0	1	1	1	1	1	1	0	1	1	0	0	0	0	1	0	1	1	1	1	1	0	0	1	1	0	0	0	0	0	1	0	0	1	0	1	1	0	1	0	0	1	1	0	0	1	1	1	1	1	1	1	0	0	1	1	1	0	1
YRI-NA18910	0	0	1	1	1	1	1	1	1	1	1	1	0	0	0	1	0	0	0	1	0	0	0	0	0	1	1	1	1	0	0	0	1	0	0	1	1	1	0	1	0	0	0	1	0	0	1	0	0	1	1	1	1	0	1	0	1	0	1	1	1	1	0	1	0	0	1	0	0	0	0	0	1	0	0	1	1	1	0	1	1	1	1	0	0	0	1	1	0	1	1	1	0	0	0	1	1	0	0	1	0	0	0	0	0	1	0	1	1	0	0	1	0	1	1	1	1
YRI-NA18912	1	0	0	1	1	1	1	0	1	0	1	1	0	1	1	1	0	0	1	0	0	0	0	1	1	0	0	0	1	0	0	0	1	1	1	1	0	0	0	0	0	1	0	0	0	0	0	0	1	0	0	1	0	1	0	1	0	1	1	0	1	1	0	1	1	1	0	0	0	1	0	0	1	0	0	1	1	1	0	1	1	1	1	0	1	1	1	1	1	0	0	0	0	1	1	1	1	0	0	1	0	1	1	0	0	1	1	0	1	1	0	1	1	0	1	1	0
YRI-NA18913	1	1	1	1	1	1	1	1	1	0	0	1	0	1	1	1	0	0	0	0	1	1	0	1	1	0	0	1	1	0	0	0	1	0	0	0	1	0	0	1	0	0	1	1	0	0	0	0	0	1	1	0	1	1	0	0	0	1	1	0	1	1	1	0	0	0	1	1	0	1	0	0	0	1	1	0	0	0	0	0	0	1	1	0	1	1	1	1	0	0	0	1	0	1	1	1	1	0	1	1	0	0	1	1	0	1	1	1	1	0	0	1	1	1	1	0	0
YRI-NA18915	0	0	1	1	1	1	0	1	1	1	1	1	1	1	1	1	0	0	1	0	1	1	0	0	0	1	1	0	1	0	0	0	0	0	0	0	0	0	1	1	1	1	1	1	1	1	0	0	0	1	1	1	1	0	1	1	0	0	1	0	0	1	1	1	0	0	1	0	0	1	1	1	1	0	0	1	1	1	1	0	0	0	0	1	1	1	0	0	0	1	1	1	1	1	1	1	1	1	1	0	1	0	0	1	1	0	1	1	0	1	0	1	0	1	1	0	1
YRI-NA18916	0	1	1	1	1	0	1	1	0	0	0	0	0	1	1	1	0	0	0	1	1	1	0	0	0	1	1	1	1	0	0	0	0	0	0	0	0	0	1	1	1	0	0	1	1	0	1	0	0	0	0	0	1	0	0	1	1	1	1	0	1	1	1	1	0	0	1	1	0	0	0	0	1	0	0	1	1	0	1	0	0	1	1	1	1	1	1	1	0	0	0	0	0	1	1	0	1	1	0	1	0	1	1	0	0	1	1	1	0	1	0	0	1	0	1	0	0
YRI-NA18917	0	1	1	1	1	0	1	1	1	0	0	0	0	0	1	1	0	1	0	0	1	1	0	0	0	0	0	1	0	1	1	1	0	1	1	1	1	1	0	1	0	1	0	1	0	0	0	0	0	0	0	0	1	0	0	0	0	1	1	1	1	0	1	0	1	1	1	0	1	0	1	1	1	0	1	0	0	0	1	0	0	1	0	1	0	0	1	1	1	1	1	1	1	0	1	1	1	1	1	0	0	0	1	0	0	1	1	1	1	1	0	0	0	0	1	0	0
YRI-NA18923	1	1	0	1	1	0	0	0	1	1	1	1	1	1	1	1	1	1	0	1	1	1	0	0	0	0	0	1	0	0	0	0	1	1	1	1	1	1	0	1	0	0	0	0	1	0	0	1	1	0	0	1	1	0	1	0	1	1	1	0	1	0	1	1	1	1	1	0	0	0	1	1	1	0	0	1	1	1	0	1	1	1	1	0	0	0	1	1	1	0	0	1	0	1	1	0	1	0	1	0	0	1	1	1	1	1	1	0	1	1	1	0	0	0	0	1	1
YRI-NA18924	1	0	0	1	1	0	1	0	0	0	1	1	0	1	1	0	1	0	1	0	1	1	0	0	0	1	1	1	0	0	0	1	1	1	1	1	0	0	1	1	1	0	1	1	1	0	0	0	0	0	0	1	0	0	1	1	0	1	1	1	1	0	1	0	0	0	1	0	1	0	0	0	0	1	1	1	1	1	0	1	1	1	1	0	0	0	1	1	0	0	0	1	1	0	1	0	1	0	0	0	0	1	1	0	0	1	0	1	1	1	0	1	0	0	0	0	1
YRI-NA19197	0	0	1	0	0	0	1	0	1	0	1	1	0	1	0	0	1	1	1	0	1	1	1	1	1	0	0	1	1	0	0	1	0	0	0	1	0	1	0	1	0	1	0	0	0	0	1	0	1	0	0	1	1	0	1	1	1	1	1	1	1	1	1	1	1	1	0	0	1	0	1	1	1	0	1	1	1	0	1	0	0	1	1	1	1	1	1	0	1	1	1	1	1	0	0	1	0	0	0	1	0	1	1	1	0	1	1	0	1	0	0	1	0	0	0	0	1
YRI-NA19198	0	0	0	1	1	0	1	0	1	0	0	0	0	1	1	0	1	0	0	1	0	0	1	1	1	1	1	1	0	0	0	0	1	0	0	1	0	1	1	0	1	1	0	1	1	0	0	1	1	0	0	0	1	1	0	1	1	1	1	1	1	1	0	0	0	0	1	0	1	0	1	1	1	0	1	1	1	1	1	1	1	0	0	1	1	1	0	0	1	1	1	1	1	0	1	1	0	0	0	1	0	1	1	1	1	0	1	1	1	0	0	0	1	0	0	0	1
YRI-NA18933	1	1	1	1	1	0	1	0	1	0	1	0	0	0	0	0	0	1	0	1	1	1	0	1	1	1	1	0	1	0	0	0	1	1	1	0	1	1	0	0	0	0	0	0	1	0	0	0	1	0	0	0	1	1	0	0	1	0	0	1	1	1	1	0	0	0	1	0	1	0	0	0	0	1	1	1	1	0	0	0	0	0	0	0	1	1	1	1	0	1	1	1	0	0	0	1	1	1	1	1	1	1	1	1	0	1	1	0	1	1	0	1	1	1	0	1	1
YRI-NA18934	1	1	0	1	1	0	1	1	1	1	1	1	1	1	1	1	0	1	0	1	0	0	0	0	0	1	1	0	1	0	0	0	1	0	0	1	0	1	1	1	0	0	0	1	0	0	0	1	0	0	0	0	0	0	0	0	0	1	1	1	1	1	1	1	0	0	1	0	0	1	1	1	1	0	0	1	1	1	1	1	1	1	1	0	0	0	1	1	0	1	1	1	0	1	1	1	1	0	0	1	0	0	0	0	0	1	1	1	1	0	0	1	0	1	1	0	1
YRI-NA19184	1	1	1	1	1	1	1	0	0	0	1	1	0	1	0	1	0	0	0	0	1	1	1	1	1	1	1	0	1	0	0	0	1	1	1	1	0	1	1	1	0	0	1	1	0	0	0	1	0	1	0	1	1	1	1	1	0	1	1	0	1	1	1	1	1	1	0	0	0	0	1	1	0	0	0	1	1	0	1	0	0	1	1	1	1	1	0	0	1	0	0	1	1	1	1	1	0	0	0	1	0	1	1	1	0	1	1	0	0	0	0	1	0	0	0	1	1
YRI-NA19185	1	0	0	1	1	1	1	0	1	1	1	0	0	0	1	0	0	0	0	1	1	1	0	1	1	0	1	1	0	0	0	0	1	1	0	1	0	1	0	1	1	0	0	0	0	0	0	0	1	0	0	0	1	1	0	0	1	0	1	1	1	1	0	1	0	0	1	0	0	0	0	0	1	1	0	1	1	0	1	0	0	0	0	1	1	1	0	0	0	0	0	0	1	1	1	0	0	0	0	1	0	0	0	0	0	0	1	0	0	1	0	0	0	0	1	0	0
YRI-NA19092	0	0	1	1	1	0	1	0	1	1	0	1	1	1	1	0	0	0	0	1	1	1	0	0	0	1	1	1	1	0	1	0	1	1	1	0	1	1	1	0	0	0	1	1	1	0	0	0	1	0	0	1	1	1	0	1	1	1	1	1	1	1	0	1	1	1	1	1	1	0	0	0	1	0	0	1	1	1	1	1	1	1	1	0	1	1	0	0	0	1	1	1	1	1	1	0	1	0	1	1	0	1	1	1	0	0	1	0	1	1	0	1	0	0	1	0	1
YRI-NA19093	1	0	1	1	1	0	1	0	1	0	1	1	0	0	1	0	0	1	0	1	0	0	0	0	0	1	1	1	1	1	1	1	0	0	0	1	1	1	0	1	0	0	0	1	1	1	0	1	0	1	1	1	1	1	0	1	0	1	1	1	1	0	1	1	0	0	1	0	0	0	0	0	1	0	1	0	0	0	0	1	1	1	1	1	0	0	1	1	0	1	1	1	0	1	1	1	1	0	1	1	0	1	0	0	0	0	1	1	1	0	0	1	1	1	0	0	0
YRI-NA19095	0	0	0	1	1	1	0	0	0	0	0	1	0	0	1	0	0	0	1	1	1	1	1	1	1	0	0	1	1	0	1	0	1	1	1	0	1	1	0	1	0	1	0	1	1	0	0	0	1	0	0	0	1	1	1	0	1	1	1	1	1	1	0	0	1	1	1	0	0	1	0	0	1	0	0	1	1	1	1	1	1	0	0	1	1	1	1	0	0	1	1	1	0	0	0	0	0	1	1	1	0	0	1	1	1	0	1	0	1	0	0	0	1	0	0	0	0
YRI-NA19096	0	1	0	1	1	1	1	0	1	0	0	1	0	0	1	0	0	1	0	0	1	1	0	1	1	1	1	1	0	1	1	0	0	0	0	1	1	1	0	0	0	1	0	1	0	1	1	1	0	1	1	1	1	1	0	0	1	1	1	1	1	1	0	1	0	0	0	1	0	0	0	0	0	1	0	1	1	1	1	1	1	0	0	1	1	1	1	1	1	1	1	0	0	1	1	1	1	0	0	1	0	1	1	1	1	0	1	1	1	0	0	1	0	1	0	0	1
YRI-NA19101	1	0	0	1	1	0	1	0	0	0	1	1	0	0	1	0	0	1	1	1	1	1	0	0	0	1	1	1	1	0	0	1	1	0	0	0	0	0	1	1	0	1	0	1	0	0	1	0	1	0	0	0	1	1	0	1	1	1	0	0	1	1	1	1	0	0	1	0	1	0	1	1	1	0	1	1	1	1	1	0	0	0	0	1	0	0	1	1	1	1	1	1	0	1	0	1	0	1	1	1	0	1	1	0	0	1	1	0	1	1	1	0	0	0	0	0	0
YRI-NA19102	1	0	1	1	1	0	1	0	1	0	0	0	0	0	1	0	1	1	0	1	1	1	1	1	1	1	1	0	1	0	0	1	1	1	1	1	0	1	0	1	0	0	0	1	0	0	1	0	1	0	1	0	0	0	1	0	1	1	1	1	0	1	1	1	0	0	1	0	1	0	1	1	0	1	0	1	1	1	0	1	1	0	0	0	1	1	1	1	0	1	1	1	1	1	1	0	1	0	1	1	0	0	1	0	0	1	1	0	1	1	1	0	1	0	0	0	1
YRI-NA19137	0	1	1	1	1	1	0	0	0	0	0	1	0	0	1	0	0	0	0	1	0	0	0	1	1	1	1	0	0	1	1	1	0	1	1	1	1	0	1	1	1	1	0	1	0	0	0	1	1	1	0	0	0	0	1	0	1	1	1	1	1	1	1	1	0	0	0	1	1	0	0	0	1	0	1	1	1	1	1	1	1	0	0	0	1	1	0	0	0	1	1	1	0	0	0	1	1	0	0	0	0	0	1	1	0	0	1	1	1	1	0	1	1	0	0	1	1
YRI-NA19138	0	0	1	1	1	1	1	0	0	0	0	1	1	1	1	1	1	0	0	1	0	0	0	0	0	0	0	1	1	1	1	0	0	0	0	0	1	0	1	0	1	0	1	1	1	0	1	0	0	0	0	1	1	0	1	1	1	1	0	1	1	0	1	1	1	1	0	0	0	0	1	1	0	1	1	1	1	1	1	0	0	1	1	0	1	1	0	0	0	0	0	1	1	1	1	1	1	0	0	0	0	0	1	1	0	0	1	1	1	1	0	0	0	0	1	0	0
YRI-NA19175	1	0	0	1	1	1	1	0	1	1	1	0	1	1	1	0	0	0	0	1	1	1	0	1	1	1	1	0	1	1	1	0	0	1	1	1	1	1	1	0	0	0	0	1	1	0	0	0	0	1	1	0	0	1	1	0	1	0	1	0	1	1	1	1	0	0	0	1	1	1	1	1	0	1	1	0	0	0	1	0	0	0	0	0	1	1	0	0	0	0	0	1	0	0	1	1	1	1	0	1	1	0	1	1	1	0	1	0	0	0	0	0	0	0	0	0	0
YRI-NA19176	0	0	1	1	1	1	1	1	1	0	1	0	1	1	1	0	0	0	0	1	1	1	0	0	0	0	0	1	1	1	1	0	1	0	0	1	1	1	1	1	0	0	0	1	0	0	1	1	0	0	0	1	1	0	1	0	1	1	1	1	0	1	0	1	1	1	1	1	0	0	1	1	1	0	1	0	0	0	1	1	1	1	1	1	0	0	1	1	0	0	0	1	1	1	1	1	1	1	0	0	0	1	0	0	0	0	1	0	1	0	0	1	1	1	0	1	0
YRI-NA19200	1	1	1	1	1	0	1	0	1	1	0	1	0	0	1	1	1	0	0	1	1	1	0	1	1	0	0	0	0	0	0	0	0	1	0	1	0	1	0	1	0	0	0	0	0	0	1	0	0	0	0	1	1	1	0	1	1	1	0	0	1	1	1	1	1	1	1	1	0	0	0	0	0	1	0	0	0	0	1	1	1	0	0	0	0	0	1	1	0	0	0	1	0	0	0	1	0	0	1	1	0	1	1	0	0	1	1	0	1	1	1	1	0	1	1	0	0
YRI-NA19201	1	0	0	1	1	0	1	1	1	1	0	1	1	1	1	0	1	0	1	0	1	1	1	0	0	0	0	1	1	1	1	0	1	0	0	1	1	0	0	1	0	0	0	1	0	0	0	0	1	0	0	0	1	0	1	0	1	0	0	1	1	1	0	0	0	0	0	1	0	0	1	1	0	1	1	1	1	1	1	0	0	0	0	1	0	0	1	1	1	1	1	1	1	1	1	1	0	0	1	1	1	1	0	1	0	1	1	1	1	1	0	0	0	0	1	0	0
YRI-NA19171	0	0	1	1	1	1	1	0	0	1	1	0	1	1	0	0	0	0	1	1	1	1	0	0	0	1	1	0	1	1	1	0	1	1	1	0	1	0	0	1	1	0	0	1	0	1	0	0	1	1	1	0	1	1	0	0	0	0	1	0	1	1	1	1	1	1	1	1	0	0	0	1	0	0	1	0	0	0	0	0	0	1	0	0	1	1	1	1	0	1	1	1	0	0	1	1	1	0	0	0	0	0	1	1	1	0	1	1	1	0	0	0	0	0	1	1	1
YRI-NA19172	1	1	0	1	1	0	1	0	0	0	1	1	1	1	0	1	0	0	0	1	1	1	1	1	1	0	0	1	1	0	0	0	1	0	0	0	0	1	0	1	1	1	0	1	1	0	0	1	0	1	1	0	0	0	0	0	1	1	1	1	0	1	1	0	1	1	1	0	0	0	0	0	1	0	1	1	1	0	1	1	1	0	0	0	0	0	1	1	1	1	1	1	1	1	0	1	1	0	1	1	1	0	0	0	1	0	1	1	0	1	0	0	0	0	1	1	1
YRI-NA19203	1	0	1	1	1	1	1	0	1	0	0	1	0	0	0	1	0	1	0	1	0	0	1	1	1	1	1	0	1	0	0	1	0	0	0	1	1	0	1	0	1	0	1	0	1	0	1	0	1	1	0	0	1	0	1	1	1	1	1	1	0	1	0	1	1	1	1	0	0	0	0	0	1	1	1	0	0	0	1	0	0	1	1	1	0	0	1	1	0	0	0	1	1	1	1	1	1	0	1	0	0	0	0	1	1	1	0	0	1	1	1	1	0	0	0	0	0
YRI-NA19204	1	0	1	1	1	1	1	0	1	0	1	0	0	0	1	0	0	0	1	0	1	1	0	1	1	0	0	1	0	1	1	0	0	1	1	0	1	1	0	1	1	0	1	1	0	0	0	0	0	0	0	1	1	0	1	0	0	1	1	1	0	0	0	1	1	1	1	1	0	1	0	0	0	1	0	1	1	0	0	1	1	0	0	0	1	1	0	0	0	1	1	0	1	1	1	0	1	0	0	1	0	1	1	0	0	0	0	0	1	1	0	0	0	0	1	0	1
YRI-NA19209	1	1	0	0	0	0	1	0	1	0	0	1	1	1	1	1	0	1	1	1	1	1	0	1	1	0	0	1	0	1	1	1	1	1	1	1	0	1	0	1	1	0	0	1	1	0	0	0	1	0	1	0	1	1	1	0	1	1	1	0	0	1	1	0	0	0	1	0	0	1	0	0	0	1	1	1	1	1	0	0	0	1	1	0	0	0	1	1	0	1	1	1	0	1	1	1	1	1	1	1	0	1	1	1	0	1	1	0	1	1	0	0	0	1	1	0	1
YRI-NA19210	1	0	0	1	1	1	0	0	0	0	1	1	0	0	0	0	1	0	0	1	1	1	0	0	0	1	1	0	1	0	0	1	1	1	1	1	0	0	1	1	0	1	1	1	0	1	0	1	0	0	1	0	1	0	0	0	0	0	1	1	1	0	0	0	1	1	0	0	1	0	1	1	1	0	1	1	1	1	0	0	0	1	1	1	1	1	0	0	0	0	0	1	1	1	1	0	1	0	0	1	0	1	1	1	1	0	1	0	1	0	0	1	1	1	0	0	0
YRI-NA19206	0	1	0	1	1	1	1	0	1	1	1	0	1	1	0	0	0	0	0	1	0	0	0	1	1	1	1	0	1	0	1	0	1	1	1	0	0	1	1	1	1	0	0	1	1	0	0	0	0	1	1	1	1	0	0	1	0	0	1	0	1	1	1	0	1	1	1	0	0	1	0	0	0	1	1	1	1	1	1	0	0	1	1	1	1	1	1	1	1	1	1	1	0	1	1	1	0	1	1	1	0	0	0	0	1	0	1	0	1	1	0	1	0	0	1	0	0
YRI-NA19207	0	0	1	1	1	1	0	0	1	1	1	0	1	1	1	1	0	0	0	1	1	1	0	0	0	1	1	1	1	1	1	0	1	1	1	0	1	0	1	1	0	1	0	0	0	0	0	1	1	0	0	0	1	1	0	1	1	1	0	1	0	0	0	0	0	0	1	0	0	1	1	1	1	0	0	1	1	1	1	1	1	1	1	1	0	0	1	1	0	0	0	1	0	1	0	1	0	1	0	1	0	0	1	1	1	1	1	0	1	1	0	1	1	0	0	1	0
YRI-NA19159	0	0	1	1	1	0	1	1	1	0	0	0	0	1	1	1	0	0	0	0	0	0	0	0	0	0	0	0	0	0	0	0	1	1	1	1	1	1	0	0	1	0	0	0	0	1	1	0	1	0	1	1	1	0	0	0	1	1	1	0	0	0	0	0	0	0	1	0	0	1	0	0	1	0	0	1	1	0	1	0	0	1	1	1	1	1	1	1	0	1	1	1	1	1	1	1	1	1	0	1	0	0	1	1	0	0	1	0	1	0	0	1	0	0	1	1	1
YRI-NA19160	0	0	1	0	0	0	1	0	1	0	1	1	0	1	1	1	1	1	0	1	1	1	0	1	1	0	0	1	1	1	1	0	1	1	0	1	0	0	0	0	1	1	1	1	0	1	1	1	1	0	0	0	0	0	1	1	0	1	1	0	0	0	1	0	1	1	1	0	0	0	1	1	1	0	1	1	1	0	1	0	0	1	1	0	1	1	1	1	0	1	1	1	0	1	0	1	1	0	0	1	0	0	0	0	0	0	1	1	0	1	0	0	0	0	0	0	0
YRI-NA19225	1	1	1	1	1	0	1	0	0	0	0	1	0	1	0	1	0	0	0	1	1	1	1	1	1	1	1	1	0	0	0	0	1	0	0	0	1	1	1	1	0	1	0	1	0	0	0	0	1	1	0	0	1	0	0	0	0	1	1	1	1	1	0	0	0	0	1	0	1	0	1	1	1	0	1	1	1	0	0	0	0	1	1	0	0	0	1	1	0	0	0	1	0	1	1	1	0	0	0	1	0	1	0	1	1	1	1	0	1	0	0	1	0	0	1	0	0
YRI-NA19226	0	1	1	1	1	1	1	0	1	1	1	1	0	0	1	1	0	1	0	1	0	0	0	0	0	1	1	0	1	1	1	1	1	1	0	1	0	1	1	1	1	0	0	1	1	0	0	1	1	0	0	1	1	0	0	0	1	0	0	1	0	1	0	0	0	0	1	0	0	1	0	0	0	1	0	1	1	0	1	0	0	1	1	1	1	1	0	0	1	0	0	1	1	1	1	1	0	0	0	1	0	1	1	1	0	0	1	1	1	1	0	0	0	0	0	0	0
YRI-NA19222	1	0	0	0	0	0	1	1	1	0	0	0	0	0	1	1	1	0	1	1	1	1	0	1	1	1	1	1	0	0	0	1	0	0	0	1	0	1	1	0	0	0	1	0	1	1	0	0	1	0	0	0	0	1	0	0	1	1	1	1	1	1	1	1	0	0	1	0	0	0	0	0	0	1	0	0	0	0	0	1	1	0	0	1	1	1	1	0	1	0	0	0	0	1	0	1	1	0	0	1	1	1	1	0	0	0	1	0	0	0	1	1	0	0	1	0	1
YRI-NA19223	0	1	1	1	1	0	0	0	1	0	1	1	1	1	0	0	1	0	0	1	0	0	1	0	0	1	1	1	1	0	0	0	0	1	1	0	1	1	0	1	1	0	1	1	1	0	0	1	1	0	0	1	1	0	0	0	1	1	1	0	1	1	1	1	1	1	0	0	0	0	1	1	1	0	1	0	0	0	1	0	0	0	0	1	0	0	1	1	0	0	0	1	1	0	0	1	0	0	0	0	0	1	0	1	1	1	1	0	0	0	0	0	1	0	0	0	0
YRI-NA19116	0	0	1	1	1	0	0	0	1	0	1	0	0	0	1	0	1	0	0	0	1	1	0	0	0	0	0	0	1	1	1	1	0	1	1	0	1	0	1	1	1	0	1	1	1	0	0	0	1	1	0	0	0	1	1	1	1	1	1	1	1	1	1	1	1	1	1	1	0	0	1	1	1	0	0	1	1	1	0	0	0	1	1	0	0	0	1	1	0	0	0	0	0	1	1	0	1	0	1	1	1	1	1	1	1	0	1	0	0	1	0	1	0	0	1	0	1
YRI-NA19119	0	0	0	1	1	0	0	0	0	1	0	0	1	1	1	0	0	0	0	1	0	0	0	1	1	1	1	1	1	0	0	1	0	0	0	0	1	1	0	1	1	1	0	1	1	0	0	0	0	0	0	0	1	0	1	0	1	1	1	1	1	1	0	1	1	0	1	1	0	0	0	0	0	0	0	0	0	0	0	0	0	0	0	0	1	1	1	1	0	1	1	1	0	1	0	1	0	1	0	1	0	1	1	0	1	1	1	0	1	0	0	1	0	0	0	1	1
YRI-NA19121	1	1	1	1	1	1	1	0	0	0	1	1	0	0	0	1	0	0	1	0	1	1	1	0	0	0	0	1	1	0	0	0	0	1	1	0	0	1	1	0	1	1	0	1	0	0	0	1	0	1	1	1	0	0	1	0	1	0	1	1	1	1	0	0	1	1	1	0	0	1	0	0	0	1	0	0	0	0	1	0	0	1	1	0	0	0	1	1	0	1	1	1	1	1	1	1	0	0	1	1	0	1	1	0	0	1	0	0	0	1	0	1	0	0	1	0	1
YRI-NA19122	0	0	1	1	1	1	0	1	1	0	1	1	1	1	1	0	1	1	0	1	1	1	0	0	0	1	1	1	1	0	0	0	0	1	1	1	0	0	0	1	1	1	0	0	0	1	0	0	1	0	0	0	1	0	1	0	1	1	1	0	0	1	1	1	0	0	1	0	0	0	1	1	0	0	1	0	0	0	1	0	0	0	0	1	0	0	1	1	0	1	1	1	1	0	1	0	1	1	0	1	0	0	0	0	0	0	1	1	1	1	0	0	0	0	1	1	1
YRI-NA19140	1	0	1	0	0	0	1	1	0	0	0	1	1	1	1	1	0	0	0	0	1	1	0	1	1	1	1	0	1	0	0	0	1	0	0	1	0	1	1	0	1	0	0	1	1	0	0	0	0	0	0	0	0	0	0	0	1	1	1	1	1	0	0	0	1	1	1	1	0	0	1	1	1	0	1	1	1	1	1	1	1	0	0	0	1	1	0	0	0	1	1	1	1	1	0	0	1	0	1	1	1	0	1	1	1	0	1	0	0	1	0	0	0	1	0	0	1
YRI-NA19141	1	0	1	1	1	0	0	0	1	1	1	1	0	1	1	0	0	1	0	1	1	1	0	0	0	0	0	1	0	0	0	0	1	1	1	0	1	1	1	1	0	0	0	1	0	0	0	0	0	1	1	0	1	0	1	1	0	1	0	0	1	1	1	1	1	1	0	0	0	0	1	1	1	0	0	1	1	1	1	0	0	1	1	1	0	0	1	1	0	1	1	1	1	0	1	0	1	0	0	1	0	1	1	0	0	1	1	1	1	1	0	1	0	0	0	0	0
YRI-NA19152	1	0	1	1	1	0	0	0	1	0	1	1	1	1	1	0	0	0	1	1	1	1	0	1	1	0	0	1	1	0	0	0	1	1	1	1	0	0	1	1	1	0	1	1	1	1	1	0	1	1	1	0	1	0	0	0	0	0	1	1	1	1	0	1	0	0	0	1	0	0	0	0	0	1	1	0	0	0	1	1	1	0	0	1	1	1	1	1	1	0	0	1	1	0	1	0	1	0	0	1	1	1	1	1	0	0	1	0	1	1	0	1	0	0	1	1	0
YRI-NA19153	0	0	0	1	1	1	0	0	0	0	1	0	0	1	1	0	1	0	1	0	1	1	0	1	1	1	1	1	0	1	1	1	1	0	0	0	0	1	0	1	0	0	0	0	1	0	0	0	0	1	1	1	1	1	0	1	0	0	1	1	0	0	1	0	0	0	1	1	1	0	0	0	0	1	1	1	1	1	1	0	0	1	1	1	0	0	1	1	1	0	0	1	0	0	0	0	0	1	0	1	1	0	1	1	0	0	1	0	1	1	0	1	0	1	0	1	1
YRI-NA19149	0	1	1	0	0	0	1	0	1	1	1	1	0	0	0	0	0	1	0	0	1	1	0	0	0	1	1	1	1	1	1	1	1	1	1	1	0	1	0	1	1	0	0	1	1	1	0	1	0	1	0	0	1	0	0	0	1	1	0	1	0	1	0	1	1	1	0	0	0	0	0	0	1	0	1	0	0	0	1	0	0	0	0	0	0	0	1	1	1	1	1	1	0	1	1	0	1	1	0	1	0	0	1	0	0	0	1	1	1	1	0	0	1	0	1	1	0
YRI-NA19150	1	0	1	1	1	0	1	0	0	1	1	0	0	0	1	1	0	0	0	0	1	1	0	0	0	1	1	0	1	0	0	0	0	1	1	1	0	0	1	0	0	0	0	1	0	0	0	0	0	1	1	0	0	1	1	1	1	1	1	0	0	1	0	1	0	0	1	0	1	0	0	0	1	0	1	1	1	1	1	0	0	0	0	1	0	0	1	1	0	0	0	1	1	1	1	0	1	1	0	0	0	1	1	1	1	0	1	1	1	0	0	1	1	1	1	0	0
YRI-NA19143	0	1	0	0	0	0	0	0	1	0	1	1	0	0	0	0	0	0	0	1	1	1	0	0	0	1	1	0	0	1	1	0	1	0	0	0	1	1	0	0	0	1	0	1	1	1	1	1	1	1	0	0	1	1	1	0	1	1	1	0	1	1	1	1	0	0	0	1	0	0	0	0	1	0	1	1	1	1	0	0	0	0	0	1	1	1	1	1	0	1	1	1	1	0	1	0	1	1	0	1	1	1	1	0	0	0	0	1	1	0	1	1	1	0	1	0	0
YRI-NA19144	1	1	0	1	1	1	1	0	0	1	0	1	0	1	1	1	1	0	0	0	0	0	0	1	1	0	0	1	1	0	0	0	1	0	0	0	0	1	0	1	1	1	0	1	1	0	0	0	1	0	0	1	1	1	0	1	0	1	1	0	1	1	0	1	0	0	0	1	0	1	1	1	0	1	0	1	1	1	1	0	0	0	0	1	1	1	1	0	0	0	0	1	1	1	1	0	0	0	0	1	0	1	1	1	0	0	1	0	1	1	1	1	1	0	0	0	1
YRI-NA19146	1	0	0	1	1	0	0	1	0	0	0	1	0	1	1	1	0	0	0	1	1	1	0	0	0	0	0	1	0	0	0	0	1	0	0	1	1	1	1	1	1	0	0	1	1	0	0	0	0	1	0	0	0	0	1	0	0	1	0	0	0	1	0	1	0	0	1	0	0	0	1	1	1	0	0	1	1	0	1	0	0	1	1	0	1	1	0	0	1	1	1	1	1	0	1	1	0	0	1	1	0	0	1	1	0	1	1	1	1	1	0	0	1	0	0	0	1
YRI-NA19147	0	0	1	1	1	1	1	0	1	0	1	0	0	1	1	0	0	0	0	1	1	1	0	0	0	1	1	1	1	0	0	0	1	1	1	1	1	0	1	0	0	0	0	1	1	1	1	1	0	1	1	0	1	1	1	0	1	0	1	0	1	1	0	0	1	1	1	0	1	0	1	1	0	1	0	1	1	1	1	1	1	0	0	1	1	1	1	1	0	1	1	1	1	1	0	1	1	1	0	0	1	1	1	0	0	1	1	1	1	1	0	1	1	1	0	1	1
YRI-NA19127	1	1	0	1	1	1	1	0	1	0	1	1	0	1	0	0	0	0	0	0	0	0	1	0	0	0	0	1	1	0	1	1	1	1	1	1	1	0	1	0	0	0	0	1	0	1	0	0	0	1	1	1	0	0	1	0	0	0	1	0	0	0	1	1	0	0	0	1	0	1	0	0	0	1	1	0	0	0	0	1	1	1	1	0	0	0	1	1	0	0	0	1	0	1	1	1	0	0	1	0	0	1	0	1	1	1	1	1	0	1	0	0	1	0	1	1	0
YRI-NA19128	0	1	0	1	1	0	1	0	1	1	0	1	0	0	1	0	0	0	0	1	1	1	0	0	0	1	1	0	1	1	1	1	1	1	0	0	1	0	1	1	1	0	0	1	1	1	1	0	0	0	0	0	1	1	1	1	1	0	0	0	0	1	0	0	0	0	1	1	0	0	0	0	1	0	1	1	1	1	0	1	1	1	1	1	0	0	1	1	1	0	0	1	0	0	1	1	1	0	0	0	1	1	1	1	1	1	1	0	1	1	0	1	0	0	0	0	0
YRI-NA19113	1	0	0	0	0	1	1	0	1	0	0	0	0	0	1	0	0	1	0	0	1	1	0	0	0	1	1	1	1	0	0	0	1	1	1	1	1	0	1	0	1	0	0	0	1	1	0	0	1	1	1	0	1	0	0	0	0	0	1	1	1	1	1	0	0	0	0	1	0	0	1	1	0	1	1	0	0	0	1	1	1	0	0	0	1	1	1	1	0	0	0	1	1	1	1	1	0	1	0	1	0	0	1	0	0	1	1	0	1	0	1	1	1	0	1	0	0
YRI-NA19114	1	0	1	1	1	0	1	0	1	1	1	0	0	1	1	0	0	0	1	1	1	1	0	1	1	1	1	0	1	0	0	0	0	0	0	1	1	1	1	0	1	0	0	1	0	0	0	1	0	0	1	0	1	0	0	1	0	1	1	1	1	1	1	1	0	0	0	0	0	0	1	1	1	0	0	0	0	0	1	1	1	0	0	0	1	1	1	1	1	0	0	1	0	0	1	1	1	0	0	0	0	0	0	1	1	0	1	1	1	1	0	1	1	1	1	0	1
YRI-NA19256	0	0	1	1	1	0	1	1	0	0	0	1	1	1	1	1	0	0	0	1	1	1	0	0	0	1	1	1	1	1	1	1	0	0	0	1	0	0	1	0	0	1	1	0	0	1	0	0	0	1	1	1	0	0	0	0	0	1	1	1	1	1	1	0	0	0	1	0	0	0	0	0	0	1	0	1	1	1	0	1	1	1	1	1	1	1	0	0	0	1	1	1	1	0	0	1	1	1	0	1	0	0	0	1	0	0	1	0	1	1	1	1	1	1	1	1	1
YRI-NA19257	0	0	1	0	0	1	0	0	1	0	0	1	0	0	1	0	1	0	0	1	0	0	1	0	0	1	1	0	1	1	1	1	0	0	0	0	1	1	0	1	0	0	0	0	1	1	0	1	0	1	0	0	1	0	1	0	0	0	0	1	1	1	1	0	1	1	1	1	0	0	0	0	0	1	1	1	1	0	0	0	0	0	0	0	0	0	1	1	0	1	1	1	0	1	1	0	1	1	0	1	0	0	1	1	1	0	0	1	0	0	1	1	0	0	1	0	1
YRI-NA19117	1	0	0	1	1	1	1	0	1	1	1	1	0	1	0	0	0	0	0	1	0	0	0	1	1	1	1	0	1	0	0	1	0	1	1	0	0	1	1	1	1	0	0	1	0	1	0	1	1	0	0	1	1	1	1	1	1	1	1	1	1	1	1	0	0	0	0	1	0	1	0	0	1	0	0	1	1	1	1	1	1	1	1	1	0	0	1	1	0	1	1	1	1	1	0	1	1	0	0	0	0	0	1	1	0	0	1	0	0	1	0	1	1	0	1	0	0
YRI-NA19118	1	0	1	1	1	0	0	0	0	1	0	1	1	1	1	1	0	1	0	0	1	1	0	1	1	1	1	1	1	1	1	1	1	1	1	0	0	1	1	0	1	1	0	1	1	0	0	1	0	1	0	0	1	1	0	0	1	1	1	0	1	0	0	1	0	0	1	0	0	1	0	0	0	1	0	1	1	1	1	0	0	1	1	0	1	1	1	1	0	0	0	1	1	0	1	0	0	1	0	1	0	1	1	1	0	1	1	0	1	1	0	1	1	0	0	1	0
YRI-NA19130	0	0	1	1	1	0	0	1	0	0	0	0	0	1	1	0	0	1	1	0	1	1	0	1	1	1	1	0	1	1	1	0	0	0	0	0	0	1	1	1	0	0	0	1	0	0	0	1	0	1	1	0	1	1	1	0	1	1	1	1	0	1	1	0	1	1	1	1	1	1	0	0	1	0	1	0	0	0	1	1	1	0	0	0	1	1	0	0	1	0	0	1	1	0	0	0	0	0	0	1	0	1	1	0	0	0	1	1	1	1	0	1	0	0	1	0	1
YRI-NA19131	0	1	0	1	1	1	1	1	1	0	0	1	0	0	1	0	0	0	0	1	1	1	0	0	0	1	1	1	1	0	0	1	1	0	0	1	1	0	1	1	1	0	0	1	0	0	0	0	0	1	1	0	1	1	1	0	1	1	1	1	1	0	0	1	1	1	1	1	1	0	1	1	1	0	1	1	1	1	1	1	1	0	0	1	0	0	1	0	0	0	0	1	1	0	1	0	0	1	0	1	0	1	1	0	0	1	1	1	1	0	0	1	0	0	1	0	0
YRI-NA19098	0	0	1	1	1	0	1	0	1	1	0	1	1	1	1	0	1	0	0	1	1	1	0	1	1	0	0	1	1	0	0	0	1	1	1	0	1	1	0	0	0	1	0	0	1	0	0	1	0	1	1	0	0	1	0	1	1	1	1	1	0	0	0	0	0	0	1	0	1	1	0	0	0	0	0	1	1	1	1	0	0	1	1	0	0	0	1	1	1	1	1	1	0	1	1	1	1	1	1	1	0	1	1	0	0	1	1	0	1	0	0	1	0	1	0	0	0
YRI-NA19099	0	1	1	1	1	1	1	0	1	0	1	0	1	1	1	0	0	0	1	1	0	0	0	0	0	0	0	1	1	1	1	0	1	1	1	0	0	1	1	1	1	1	1	1	0	0	1	1	0	1	1	1	1	1	0	0	1	1	1	1	0	1	1	1	0	0	1	0	0	1	1	1	1	0	0	1	1	1	0	1	1	1	0	0	0	0	1	1	0	0	0	1	1	1	1	1	1	1	1	1	0	1	1	0	1	1	0	0	1	1	1	0	0	0	1	0	0
YRI-NA19213	0	0	0	1	1	0	1	0	1	1	0	1	0	0	1	0	1	1	0	1	0	0	0	0	0	1	1	1	1	0	0	0	1	1	0	0	1	0	0	0	0	1	0	1	1	0	0	0	1	0	0	0	1	1	0	0	1	1	1	1	1	0	0	1	1	1	1	0	0	1	0	1	1	0	0	0	0	0	0	0	0	1	1	0	1	1	1	0	1	1	1	1	0	0	1	1	1	0	1	1	0	0	0	1	0	1	1	1	1	1	1	1	0	0	0	0	0
YRI-NA19214	1	0	1	0	0	1	1	1	1	0	1	0	1	1	1	0	0	0	1	1	1	1	1	1	1	1	1	1	1	0	0	0	1	0	0	1	1	0	1	1	0	1	0	1	0	0	0	0	1	0	0	1	0	1	0	0	1	0	0	1	1	1	0	0	0	0	1	0	0	1	0	0	1	0	1	0	0	0	1	0	0	1	0	0	1	1	1	1	0	1	1	1	0	0	1	0	1	1	0	1	0	1	1	1	0	0	1	0	0	0	0	0	0	0	1	0	0
YRI-NA19189	0	0	0	1	1	1	1	0	1	1	0	1	0	1	1	0	0	1	0	1	1	1	0	0	0	1	1	1	1	0	0	0	1	0	0	0	1	0	1	1	1	0	0	1	1	1	0	1	1	0	0	1	1	0	0	0	1	1	0	1	1	1	0	1	1	1	1	0	0	0	0	0	0	1	0	1	1	1	1	1	1	1	0	1	1	1	1	0	0	0	0	0	0	1	0	1	0	1	1	1	0	1	1	0	0	0	0	0	1	1	0	1	1	1	1	0	1
YRI-NA19190	1	1	1	1	1	0	0	0	0	0	0	1	0	1	1	0	1	1	0	1	1	1	0	1	1	1	1	0	1	1	1	0	0	1	0	1	1	0	0	1	1	0	0	1	0	0	0	1	1	0	0	1	1	1	0	0	1	1	1	1	0	0	1	1	1	0	1	1	1	1	0	0	1	0	1	1	1	0	1	1	1	0	0	1	1	1	0	0	0	1	1	1	1	0	1	0	1	0	0	0	0	0	0	1	1	0	1	1	1	1	0	1	1	0	1	1	1
YRI-NA19235	0	0	1	1	1	1	1	0	1	0	0	1	1	1	1	0	0	1	0	1	1	1	1	0	0	1	1	1	1	0	0	0	1	0	0	0	1	0	1	1	0	1	0	1	1	0	1	1	0	0	1	0	1	0	0	0	1	1	1	1	0	0	0	1	0	0	1	0	0	1	0	0	1	0	0	1	1	0	0	1	1	0	0	1	1	1	1	0	0	1	1	0	1	0	1	0	1	1	1	0	0	1	1	1	1	0	1	1	1	1	1	1	1	0	1	1	0
YRI-NA19236	1	1	1	1	1	0	0	1	0	0	1	1	0	0	1	1	0	0	0	0	0	0	0	0	0	1	1	1	0	1	1	1	0	1	1	0	0	1	0	1	1	0	0	1	0	1	1	0	1	0	1	1	1	1	1	1	1	0	1	0	1	1	0	0	1	0	1	1	0	1	0	0	1	0	0	1	1	1	0	1	1	1	1	1	1	1	1	1	0	1	1	1	1	1	1	1	0	0	0	1	0	1	0	1	0	0	1	0	1	1	0	0	1	0	1	0	1
YRI-NA19238	0	1	0	1	1	1	0	0	0	1	1	0	1	1	1	1	0	0	0	0	1	1	1	1	1	1	1	1	1	0	0	0	0	1	0	1	1	0	0	1	0	0	1	1	1	0	0	0	0	1	1	1	1	1	0	0	0	1	0	0	1	1	1	0	0	0	1	1	0	1	0	0	0	1	1	0	0	0	0	0	0	1	1	0	1	1	1	1	0	0	0	1	0	1	1	1	1	0	1	1	0	0	1	1	0	1	1	1	1	0	0	1	1	1	1	0	0
YRI-NA19239	0	1	0	1	1	1	1	0	1	0	1	0	1	1	1	1	0	0	1	1	0	0	0	0	0	0	0	1	1	0	0	0	0	0	0	1	1	1	1	0	0	1	1	1	0	0	1	1	0	1	1	0	1	1	1	0	0	0	1	0	0	1	1	1	1	1	0	1	1	0	0	0	0	1	1	0	0	0	1	0	0	1	1	0	0	0	1	1	0	0	0	1	1	0	1	1	1	1	0	0	0	0	1	1	0	1	1	0	1	0	0	0	1	0	0	0	0
YRI-NA19247	1	0	1	1	1	0	1	0	0	0	0	0	1	1	0	1	0	0	0	1	1	1	0	1	1	1	1	0	0	0	0	0	1	1	1	0	1	1	0	0	0	1	0	1	0	0	0	1	0	0	0	0	1	0	1	0	0	1	1	1	0	1	0	1	1	1	1	1	1	0	0	0	1	1	0	1	1	0	1	0	0	0	0	1	1	1	1	0	1	0	0	1	0	0	1	1	0	0	0	1	0	1	0	1	1	0	1	1	1	1	0	1	0	0	1	0	1
YRI-NA19248	1	0	0	0	0	0	1	0	0	0	1	0	0	1	1	0	0	0	0	1	1	1	0	1	1	1	1	1	0	0	0	0	1	1	1	1	0	1	1	1	0	0	0	0	0	0	0	1	1	0	0	0	0	1	0	0	1	1	1	1	1	1	0	1	1	1	0	1	0	1	0	0	1	0	1	1	1	1	1	0	0	1	1	1	1	1	1	0	1	0	0	1	0	0	1	0	1	1	0	0	1	0	0	0	0	1	1	0	1	1	0	1	0	0	0	0	0
