chr20-400336-T-C	chr20-800427-G-A	chr20-900321-A-C	chr20-1000475-A-G	chr20-1000490-C-T	chr20-1300281-C-G	chr20-1500023-T-C	chr20-2300105-TA-T	chr20-3800210-T-TGGACTGGAGACCTGGTGCTAG	chr20-4400332-CACAT-C	chr20-4600007-A-AT	chr20-4800103-G-T	chr20-5800008-G-T	chr20-5800238-C-T	chr20-6000052-T-C	chr20-6700046-T-G	chr20-7100210-T-C	chr20-7200028-T-G	chr20-7400152-CT-C	chr20-7700264-C-T	chr20-8000271-G-C	chr20-8000430-C-T	chr20-8800433-A-G	chr20-9400210-C-T	chr20-9400297-G-A	chr20-10100148-A-C	chr20-10100480-T-G	chr20-11500181-A-AT	chr20-11700445-A-ACAAAC	chr20-12000348-C-T	chr20-12000453-TA-T	chr20-12800232-C-T	chr20-12900369-A-G	chr20-13600196-C-T	chr20-13600221-T-G	chr20-14700111-T-C	chr20-15100295-CATTTTTGACTTATGAT-C	chr20-15800498-G-T	chr20-16000274-C-T	chr20-16100187-C-T	chr20-16200100-C-T	chr20-17200113-T-A	chr20-17700027-A-G	chr20-17800276-T-G	chr20-19000217-T-C	chr20-19700013-A-G	chr20-20300500-A-G	chr20-21400134-C-A	chr20-22000087-T-C	chr20-22100290-C-CT	chr20-22200069-C-G	chr20-22800188-A-G	chr20-24000419-C-A	chr20-24900430-C-A	chr20-25000484-T-C	chr20-25300145-A-G	chr20-26600120-C-A	chr20-29100243-C-T	chr20-29600213-C-T	chr20-31600157-A-G	chr20-32000119-C-T	chr20-32800148-C-G	chr20-33100454-C-T	chr20-33800260-C-CA	chr20-34100307-A-G	chr20-34100488-A-C	chr20-34200335-T-G	chr20-34900210-G-A	chr20-35400015-T-A	chr20-36900072-T-C	chr20-37600082-G-C	chr20-37600220-C-T	chr20-38000156-G-T	chr20-38000451-A-ACGGCCAGCGCAGGCTTCCCTCCCGCGTGGG	chr20-38400365-C-T	chr20-40600020-TA-T	chr20-40600022-A-T	chr20-40600144-C-T	chr20-41600434-G-C	chr20-43300384-A-G	chr20-43300481-T-C	chr20-43400090-C-G	chr20-43400362-CAT-C	chr20-44000047-G-A	chr20-44100290-C-A	chr20-44100491-T-C	chr20-44200378-G-A	chr20-44200381-T-C	chr20-46300090-G-T	chr20-46800133-C-A	chr20-46800406-G-A	chr20-47200489-CG-C	chr20-50400212-C-T	chr20-51700247-A-G	chr20-52400386-T-C	chr20-53500190-GTA-G	chr20-54200178-C-A	chr20-54700079-A-AC	chr20-54900040-T-G	chr20-55000469-T-A	chr20-55300145-C-CT	chr20-55900076-A-C	chr20-56100059-A-G	chr20-57000091-G-C	chr20-57000339-C-T	chr20-57100401-A-G	chr20-57400043-T-A	chr20-58800395-T-C	chr20-60100387-T-G	chr20-60300082-T-G	chr20-61300114-C-A	chr20-61400036-G-A	chr20-61600256-A-G	chr20-61900200-C-A	chr20-62200440-C-T	chr20-62700326-C-A	chr20-62800205-A-C
ASW-NA19818	0	1	1	1	1	0	1	1	1	0	1	0	1	1	0	1	0	0	0	0	0	0	1	1	1	0	0	0	1	0	0	1	1	0	0	1	0	1	0	0	1	1	1	0	0	0	0	1	0	1	0	0	1	0	0	0	0	0	1	1	0	1	1	0	0	0	1	0	1	0	1	1	1	0	1	1	1	0	1	1	1	1	1	1	0	0	1	1	0	1	1	0	1	1	0	0	0	1	1	1	1	0	0	1	1	1	1	1	0	0	1	0	0	0	0	1	1
ASW-NA19819	0	0	1	0	0	0	1	1	1	0	1	1	1	1	1	0	0	0	0	1	0	0	1	1	1	1	1	0	1	0	0	1	1	0	0	1	1	1	1	0	0	1	1	1	1	1	0	0	0	1	0	1	0	0	0	1	0	1	1	0	1	0	1	1	1	0	1	1	0	1	0	0	1	0	1	1	1	0	0	0	0	0	0	0	1	1	0	0	1	1	1	1	1	0	1	1	0	0	1	0	1	0	0	0	0	0	0	0	1	1	0	0	1	1	1	0	1
ASW-NA19834	1	0	0	0	0	0	0	1	1	0	1	1	0	0	0	0	0	0	1	1	0	0	0	1	1	1	1	0	1	1	1	0	1	0	0	1	1	1	1	0	0	1	0	0	0	1	0	0	1	1	0	1	0	0	1	1	0	0	1	0	0	0	1	0	0	0	0	1	1	0	1	1	0	0	0	0	0	0	0	1	1	0	0	1	1	1	0	0	0	0	0	1	1	0	0	1	0	0	1	1	1	1	0	0	0	1	0	1	0	0	0	0	1	0	1	0	1
ASW-NA19835	1	1	1	0	0	1	0	0	1	1	1	0	0	1	0	1	1	1	0	1	0	0	0	0	0	0	0	0	1	0	0	0	0	1	1	0	0	1	1	0	1	0	0	1	1	0	1	0	0	0	1	0	1	0	0	0	0	1	1	1	1	1	1	0	0	0	1	0	0	0	1	1	0	1	1	1	1	0	0	1	1	0	0	1	0	0	0	0	0	0	0	1	1	0	1	0	0	1	1	0	0	1	0	0	0	1	1	1	1	1	0	0	0	1	1	1	0
ASW-NA19900	0	1	1	1	1	0	0	1	1	0	1	1	1	1	1	0	0	0	0	0	1	1	1	1	1	1	1	1	0	0	0	0	1	0	0	1	0	1	1	1	1	0	1	1	0	0	0	1	0	1	1	0	1	0	1	1	1	0	1	0	1	1	1	1	0	0	1	0	0	1	0	0	1	0	1	1	1	1	1	1	1	1	1	0	1	1	1	1	0	0	0	1	0	1	1	0	0	1	0	0	0	1	1	1	1	1	1	1	1	1	0	1	1	0	1	0	0
ASW-NA19901	0	1	1	0	0	0	1	0	1	1	0	0	0	0	0	0	0	0	0	0	0	0	0	1	1	1	1	0	1	0	1	0	0	0	0	1	1	1	1	1	1	0	1	1	1	0	0	0	0	0	1	1	1	0	1	0	1	1	1	1	1	1	0	0	1	0	1	1	0	0	0	0	1	0	0	0	0	0	1	1	1	0	0	0	0	0	1	1	0	1	1	1	1	0	1	1	1	0	1	0	1	0	0	1	0	0	0	1	1	1	0	1	0	0	0	0	1
ASW-NA19904	1	1	1	0	0	0	1	0	1	0	0	1	1	1	1	1	1	1	0	1	1	1	0	1	1	1	1	1	0	0	0	0	1	1	1	0	0	1	0	0	1	0	0	1	0	0	0	1	1	0	1	0	0	1	0	0	1	1	1	1	1	0	0	1	0	0	1	0	0	0	0	0	1	1	1	0	0	0	0	1	1	1	1	0	1	1	0	0	0	0	0	1	1	0	0	1	0	0	0	1	0	1	1	0	0	1	1	0	1	1	0	1	1	0	1	0	1
ASW-NA19913	1	1	1	1	1	1	1	1	1	0	0	0	1	1	1	0	1	1	0	1	1	1	0	1	1	1	1	0	1	0	0	1	1	0	0	0	0	1	0	0	1	0	0	1	1	0	0	0	1	0	1	0	0	1	0	0	1	1	1	1	1	1	0	1	0	0	1	0	0	0	0	0	1	1	1	0	0	0	0	1	1	1	1	0	1	1	0	0	0	0	0	1	0	0	0	0	0	1	0	1	0	1	1	1	0	0	1	0	1	1	0	1	1	0	1	0	1
ASW-NA19908	1	0	0	1	1	1	1	0	0	0	0	0	0	1	0	0	0	0	0	0	0	0	1	0	0	1	1	1	0	1	1	0	0	0	0	0	1	0	1	1	0	0	0	0	1	1	0	1	1	1	0	0	0	0	1	1	0	1	0	1	1	0	1	0	1	1	1	0	1	0	1	1	0	1	1	0	0	0	0	1	1	0	0	1	1	1	1	1	1	1	1	1	0	0	0	1	1	0	1	1	0	0	0	0	0	0	1	0	1	1	1	1	0	1	1	0	0
ASW-NA19909	1	0	1	1	1	0	1	1	1	0	0	1	1	1	1	1	0	1	1	1	1	1	0	1	1	1	1	1	1	1	1	0	0	1	1	1	1	0	1	1	1	0	0	1	0	0	0	0	0	1	1	0	1	1	1	0	1	0	0	1	0	0	1	0	0	0	1	0	1	0	0	0	1	1	0	1	1	1	1	1	1	0	0	0	1	1	0	0	1	1	1	1	1	1	1	1	1	0	0	1	0	1	1	1	1	1	0	0	1	0	0	0	0	0	1	0	1
ASW-NA19914	1	1	0	1	1	0	1	0	1	1	0	0	1	1	0	0	1	0	0	0	1	1	1	0	0	1	1	1	0	0	0	0	1	0	0	1	0	0	0	1	0	1	0	0	1	1	0	1	0	1	0	0	0	1	0	1	1	1	1	1	1	1	1	1	0	0	0	1	0	0	0	0	0	1	0	0	0	0	1	1	1	0	0	1	1	1	1	1	0	1	1	1	1	0	1	0	1	1	0	1	0	1	0	0	0	0	1	0	1	1	1	0	1	1	1	0	0
ASW-NA19916	0	1	1	1	1	0	1	1	1	0	0	0	0	0	1	0	0	0	0	1	1	1	0	0	0	1	1	0	1	1	1	0	0	1	1	1	1	0	1	1	1	1	0	1	1	1	0	0	1	0	1	0	1	1	0	0	0	0	1	1	0	0	0	1	0	0	1	1	0	0	0	0	1	0	1	0	0	0	1	1	1	1	1	0	1	1	1	1	0	0	0	1	0	1	1	1	1	1	0	1	0	1	1	1	1	1	1	1	1	1	0	1	0	0	1	1	0
ASW-NA19917	0	1	0	1	1	1	0	0	1	1	1	1	0	1	1	0	0	0	0	1	0	0	1	0	0	0	0	1	1	0	1	1	0	0	0	1	1	1	1	1	0	1	1	1	0	1	0	0	0	1	1	0	0	1	1	0	0	1	1	1	1	0	1	1	0	0	1	0	0	1	0	0	1	0	1	1	1	1	0	1	1	1	1	0	1	1	1	1	0	1	1	1	1	1	1	1	1	0	0	0	0	1	1	1	1	0	1	1	0	1	1	1	1	0	1	0	0
ASW-NA19920	0	1	1	1	1	1	1	1	1	0	1	1	0	0	1	1	0	0	1	1	1	1	0	1	1	1	1	1	1	0	1	1	1	0	0	0	1	1	1	0	0	1	0	1	0	0	1	1	0	1	1	1	1	0	1	0	0	1	1	0	0	0	1	1	0	0	0	0	0	0	0	0	1	0	0	1	1	0	1	1	1	0	0	1	1	1	0	0	0	1	1	1	1	1	0	0	1	0	0	1	1	1	0	0	0	1	0	1	0	1	0	0	0	0	1	0	0
ASW-NA19921	1	0	0	1	1	0	1	0	0	1	0	0	1	1	1	0	0	0	0	1	0	0	0	1	1	0	0	0	0	0	0	0	1	0	0	1	0	0	0	1	0	0	0	1	0	0	0	0	0	1	1	0	1	1	0	0	0	1	1	0	1	1	0	0	1	0	1	1	0	1	0	0	0	1	0	1	1	1	1	1	1	1	1	1	1	1	1	0	0	0	0	1	0	1	1	0	0	0	0	1	0	1	1	1	1	0	1	1	0	0	0	1	0	0	0	1	0
ASW-NA19922	0	0	1	1	1	1	0	0	1	1	1	1	0	0	1	1	1	0	0	0	0	0	0	1	1	1	1	1	0	1	1	0	1	0	0	0	1	0	0	1	1	0	1	0	0	0	0	1	1	0	0	0	0	0	1	0	1	0	1	0	1	0	0	0	0	0	0	1	1	0	0	1	0	1	0	1	1	0	0	1	1	0	0	1	1	1	1	1	0	1	1	1	1	0	1	1	1	0	0	0	0	1	1	1	1	1	0	1	0	0	1	1	0	1	1	0	1
ASW-NA19923	0	1	0	1	1	1	0	1	1	1	0	0	1	1	1	0	0	0	0	1	0	0	1	0	0	1	1	1	1	0	1	0	1	1	1	0	1	1	1	0	0	0	0	0	0	1	1	0	0	1	0	0	1	1	1	0	1	1	1	1	1	1	0	1	0	0	0	0	0	1	0	0	1	0	0	1	1	0	1	1	1	1	1	1	1	1	1	1	0	1	1	1	0	0	0	1	0	0	1	1	1	1	1	1	0	1	1	0	0	0	0	0	1	1	0	1	0
ASW-NA19713	0	0	0	1	1	0	0	0	0	1	1	1	0	1	1	0	1	0	0	1	0	0	0	0	0	0	0	1	0	0	0	1	1	1	1	1	0	0	0	0	0	1	0	1	0	0	0	0	0	1	1	1	0	0	0	0	1	1	1	0	0	0	0	1	0	0	0	1	0	0	0	0	1	0	0	0	0	0	0	1	1	0	0	0	1	1	0	0	0	0	0	1	1	1	1	1	0	0	0	1	0	1	1	0	0	1	0	1	0	0	0	0	0	1	1	1	1
ASW-NA19982	1	1	1	1	1	1	0	0	0	0	0	0	0	0	0	0	0	1	0	0	1	1	1	0	0	1	1	1	1	1	1	0	1	0	0	0	0	0	0	0	1	0	0	1	1	0	0	0	0	1	0	0	1	1	0	1	0	1	1	0	1	0	0	1	0	0	0	0	0	1	1	1	1	0	1	0	0	0	0	1	1	1	1	1	0	0	1	1	0	0	0	1	0	1	1	1	1	0	0	1	0	0	1	0	0	1	0	1	1	0	0	0	0	1	1	0	1
ASW-NA19984	0	0	1	0	0	1	1	0	1	1	0	0	0	0	1	1	1	1	1	0	0	0	0	1	1	0	0	0	0	0	0	0	1	1	1	0	1	1	0	1	1	1	0	1	0	0	1	0	1	0	1	0	1	0	1	1	0	0	1	0	0	1	0	0	0	0	1	0	0	0	1	1	1	0	1	0	0	0	0	1	1	1	0	1	0	0	1	1	1	0	0	1	1	0	1	0	1	1	0	0	0	0	0	1	1	0	1	0	1	0	0	1	0	0	1	0	1
ASW-NA20126	0	1	1	1	1	0	0	1	1	0	0	1	0	0	1	1	0	0	1	1	0	0	0	1	1	1	1	1	1	0	0	0	1	1	1	0	0	1	0	1	1	0	0	1	0	1	0	1	0	0	1	0	1	0	0	1	1	1	1	0	1	0	0	0	0	0	1	0	0	0	1	1	0	1	0	1	1	1	0	0	0	0	0	1	1	1	1	1	0	1	1	1	0	1	1	1	1	1	1	0	0	0	1	1	0	0	1	1	0	1	1	1	1	0	1	0	0
ASW-NA20127	0	0	0	1	1	1	1	1	0	0	0	1	1	1	1	0	1	0	1	1	1	1	0	1	1	1	1	0	1	0	0	0	0	1	1	0	0	0	1	1	0	0	0	1	0	0	1	1	0	1	0	0	1	1	0	0	1	0	0	0	0	1	0	0	1	0	1	1	0	0	1	1	1	0	0	1	1	1	0	1	1	0	0	0	0	0	1	1	0	0	0	1	1	1	1	1	0	0	0	0	0	0	1	0	0	1	1	0	0	0	0	1	1	1	1	1	1
ASW-NA20276	1	1	1	1	1	1	1	0	0	1	0	1	1	1	1	1	0	1	1	0	0	0	0	0	0	0	0	0	0	1	1	0	1	1	1	0	1	0	0	1	0	1	0	1	0	1	0	0	1	0	0	1	0	0	1	1	0	1	1	1	1	1	0	1	1	1	1	1	0	0	0	0	1	0	1	1	1	1	1	1	1	0	0	0	1	1	1	1	1	1	1	0	1	1	1	1	1	1	1	0	0	0	0	1	1	0	1	1	1	0	0	0	0	0	0	0	1
ASW-NA20278	1	0	0	0	0	0	1	0	0	1	0	0	0	0	0	0	0	0	1	0	1	1	1	1	1	1	1	0	1	0	0	0	0	1	1	1	0	0	0	1	0	1	0	1	0	1	0	0	1	0	1	0	0	0	1	1	0	1	0	0	0	0	1	0	1	1	1	1	0	1	0	0	1	0	0	1	1	1	0	0	0	1	1	1	1	1	0	0	0	1	1	0	1	0	1	0	0	0	1	0	1	1	0	0	0	1	0	0	0	0	1	0	0	0	1	0	1
ASW-NA20282	1	0	0	0	0	1	0	1	1	0	1	1	0	0	1	1	1	0	0	1	0	0	1	0	0	1	1	1	1	1	1	1	1	0	0	0	0	1	1	0	1	1	1	0	1	0	0	1	1	0	0	1	1	1	0	1	1	1	1	1	1	1	1	1	1	1	1	1	0	0	0	0	0	0	1	1	1	1	1	0	0	1	1	1	0	0	1	1	1	1	1	1	0	0	1	1	0	1	0	1	0	1	1	1	0	0	0	1	1	1	0	0	1	0	1	0	0
ASW-NA20281	0	0	1	1	1	1	1	1	0	0	0	1	0	0	0	0	0	0	1	0	1	0	0	0	0	1	1	0	1	0	0	1	0	0	0	1	1	0	1	0	1	0	0	1	1	1	0	0	1	1	0	1	1	0	1	0	0	0	0	1	1	1	1	0	0	0	1	0	1	1	0	0	0	1	0	0	0	0	1	0	0	1	1	1	0	0	1	1	0	1	1	1	1	1	0	1	1	1	0	0	1	0	0	1	1	1	0	0	0	0	1	0	1	0	0	1	0
ASW-NA20287	0	0	0	1	1	1	1	0	0	1	1	0	0	0	1	0	1	1	0	1	0	0	0	0	0	1	1	1	0	0	0	1	1	1	1	0	0	0	1	0	1	0	0	1	0	0	1	1	0	1	1	1	1	0	0	1	0	1	1	0	1	1	0	0	0	0	0	0	1	1	0	1	1	0	1	1	1	1	1	0	0	1	1	0	0	0	0	0	0	1	1	0	1	1	0	0	0	0	0	0	1	1	1	0	0	0	1	0	1	0	1	1	1	1	1	0	0
ASW-NA20289	0	1	1	0	0	0	1	1	1	1	1	1	0	0	1	0	1	1	1	0	0	0	0	1	1	1	1	0	1	1	1	1	0	1	1	1	1	0	1	1	1	1	0	1	0	1	1	1	1	1	0	0	1	0	1	0	0	1	1	0	0	0	0	1	1	1	0	1	1	0	0	0	0	1	1	0	0	0	0	1	1	0	0	0	1	1	0	0	0	0	0	1	0	0	1	1	1	0	0	0	1	0	1	0	0	0	0	1	1	1	1	1	1	1	1	1	1
ASW-NA20291	0	1	1	1	1	0	1	0	1	0	0	1	1	1	0	1	0	0	1	0	1	1	0	0	0	1	1	0	1	0	0	1	0	0	0	0	0	1	1	1	1	0	1	1	0	1	0	1	0	0	1	0	1	1	0	1	0	1	1	1	1	1	1	0	1	1	1	0	0	0	1	1	0	0	1	0	0	0	1	1	1	1	1	0	0	0	0	0	1	0	0	1	1	0	1	1	0	0	1	0	1	1	0	1	1	1	0	0	1	1	1	1	0	0	0	1	0
ASW-NA20294	0	0	1	1	1	0	1	0	1	1	0	1	0	0	0	0	0	0	1	0	1	1	0	0	0	0	0	1	0	1	1	1	0	0	0	0	0	1	0	1	1	0	0	0	0	0	0	1	0	0	1	1	1	1	0	0	1	0	0	1	1	1	0	0	0	0	0	0	1	1	0	0	1	0	1	0	0	0	1	0	0	0	0	0	0	0	1	1	1	1	1	1	0	1	0	1	0	0	0	0	0	1	1	1	0	0	0	1	1	1	0	1	0	0	1	1	1
ASW-NA20296	0	0	1	1	1	0	1	0	1	1	0	0	0	0	1	1	1	0	0	1	1	1	0	0	0	1	1	1	0	0	0	1	1	1	1	0	1	1	1	1	0	0	1	1	0	0	0	0	1	0	0	0	1	0	0	0	0	0	0	1	1	0	1	1	1	1	0	1	1	0	0	0	0	1	0	0	0	0	1	1	1	0	0	0	1	1	1	1	1	0	0	0	0	1	1	1	1	0	0	1	0	1	1	1	0	1	1	0	1	1	0	1	1	1	1	1	1
ASW-NA20299	0	0	0	1	1	0	1	1	0	0	0	1	1	1	1	0	1	1	1	1	1	1	0	0	0	1	1	1	0	1	1	1	1	0	0	1	0	1	0	1	1	0	0	0	0	0	1	1	0	0	0	0	0	1	1	0	1	0	0	1	0	1	0	0	0	0	0	1	0	0	0	0	0	1	0	1	1	1	1	1	1	0	0	0	0	0	0	0	0	1	1	0	0	0	0	1	1	1	0	1	0	0	0	0	0	0	0	0	0	0	0	0	0	1	1	1	0
ASW-NA20298	1	0	0	1	1	1	0	1	0	1	0	0	0	0	1	1	0	1	0	1	0	0	0	1	1	1	1	0	1	1	1	0	0	0	0	0	1	1	0	1	1	1	1	1	1	0	0	0	0	0	0	1	0	1	1	1	1	1	1	1	1	1	1	0	0	0	0	0	0	0	0	1	1	0	0	1	1	1	0	1	1	1	1	1	1	1	0	0	0	0	0	1	1	1	0	1	0	0	1	1	1	1	1	0	0	1	0	1	0	0	0	0	0	0	0	0	1
ASW-NA20314	1	0	0	0	0	0	0	1	1	0	1	0	1	1	0	0	0	1	1	1	0	0	1	0	0	1	1	0	0	1	1	1	1	0	0	0	1	1	1	1	0	1	1	0	1	1	0	0	1	0	0	1	0	0	0	0	0	0	0	1	0	0	0	0	1	1	0	0	1	1	0	1	0	1	1	1	1	1	0	0	0	1	1	1	0	0	0	0	0	0	0	0	1	1	1	1	0	0	0	1	1	0	1	1	0	0	0	1	0	0	1	1	1	1	1	1	0
ASW-NA20317	0	1	1	1	1	1	1	0	1	1	0	0	0	0	1	1	1	0	0	1	1	1	0	1	1	0	0	0	1	0	1	1	1	1	1	0	0	1	1	1	0	0	0	0	1	0	0	0	1	0	0	0	1	1	0	0	0	0	0	0	0	0	0	1	0	0	0	1	0	1	0	1	1	0	1	0	0	0	1	0	0	1	1	1	1	1	1	1	0	0	0	1	1	1	0	0	1	0	0	0	0	1	0	1	1	0	1	0	1	1	1	1	0	0	1	1	1
ASW-NA20318	0	1	1	1	1	1	1	0	1	0	1	1	1	1	1	1	1	0	0	1	1	1	0	1	1	0	0	0	1	0	1	1	1	1	1	0	1	1	1	1	0	0	0	0	1	0	0	0	1	0	0	0	1	0	0	0	0	0	0	1	1	0	1	1	0	0	0	1	0	1	0	1	1	0	1	0	0	0	0	1	1	1	1	0	1	1	1	1	0	0	0	1	0	1	0	0	1	1	0	0	0	1	0	1	1	1	1	0	1	0	1	1	1	0	1	1	1
ASW-NA20321	0	0	1	1	1	1	1	1	1	0	0	0	1	1	1	0	0	1	0	0	1	1	0	1	1	1	1	0	1	0	0	1	1	1	1	0	0	0	0	0	1	1	1	1	0	0	1	0	1	0	0	0	1	1	1	0	1	0	1	1	0	1	1	1	1	1	1	0	0	0	1	1	1	0	0	1	1	1	0	1	1	0	0	1	1	1	1	0	0	0	0	1	0	1	1	1	1	0	0	1	0	0	0	0	0	1	1	1	1	0	0	1	1	1	1	1	1
ASW-NA20320	0	0	1	1	1	1	0	1	1	0	0	1	1	1	0	0	1	0	0	1	1	1	0	1	1	1	1	1	1	0	0	1	1	1	1	0	1	0	0	0	1	1	0	1	0	0	0	1	0	1	0	1	1	1	1	1	1	0	1	1	1	1	1	0	1	1	1	0	0	0	1	1	1	0	0	0	0	0	0	1	1	0	0	1	1	1	1	0	0	1	1	1	1	0	0	1	1	1	0	0	0	0	0	0	0	1	1	1	1	0	0	1	1	1	1	0	1
ASW-NA20332	0	0	1	0	0	0	1	1	1	0	1	0	1	1	1	1	0	0	1	0	1	1	1	0	0	1	1	0	1	0	0	0	1	1	1	0	0	0	1	0	1	0	1	0	1	0	0	0	0	0	0	0	1	1	0	0	0	0	1	0	1	0	0	0	1	1	0	1	1	0	0	0	1	0	0	1	1	1	0	0	0	0	0	1	1	1	1	1	1	0	0	1	0	0	1	1	0	0	0	1	0	1	1	0	0	0	0	0	1	1	0	0	1	0	1	0	0
ASW-NA20334	1	0	0	1	1	0	1	1	1	1	1	0	0	0	0	1	0	1	0	1	0	0	1	1	1	0	0	0	1	0	0	0	1	1	1	0	1	1	0	0	1	1	0	1	1	0	0	0	0	1	1	0	0	1	0	1	0	0	1	1	1	1	0	0	0	0	1	1	0	0	0	0	1	0	1	0	0	0	0	1	1	0	0	0	1	1	1	1	0	1	1	1	1	0	1	1	0	0	1	1	0	1	1	1	1	0	1	1	0	0	0	0	1	0	1	0	0
ASW-NA20355	1	1	0	1	1	0	1	0	0	0	0	0	0	0	0	1	0	1	0	1	0	0	1	1	1	1	1	0	1	0	0	0	1	1	1	0	0	0	0	0	1	0	0	1	1	0	0	0	0	1	1	1	1	1	0	1	0	0	1	1	1	1	0	1	0	0	1	0	1	1	0	0	1	0	1	0	0	0	0	1	1	0	0	0	1	1	1	1	0	0	0	0	1	0	0	0	1	1	1	1	0	1	1	1	1	0	1	1	0	0	0	0	1	1	1	1	0
ASW-NA20339	1	0	1	1	1	1	0	0	1	0	0	0	0	0	1	1	0	0	0	1	1	1	1	0	0	1	1	1	1	1	1	0	0	1	1	0	1	1	0	1	1	0	0	1	0	0	1	1	0	1	0	0	1	0	0	1	0	1	1	1	0	1	1	0	0	0	1	1	0	0	0	0	1	0	0	1	1	0	0	1	1	1	0	0	1	1	0	0	1	1	1	1	1	1	1	1	0	0	0	1	1	0	1	0	0	1	1	0	1	0	1	0	0	0	1	0	0
ASW-NA20340	0	0	1	1	1	1	1	1	1	0	1	1	0	0	1	1	0	0	0	1	1	1	1	1	1	1	0	0	0	1	1	0	1	1	1	1	1	1	0	1	1	0	1	1	0	1	1	1	1	0	0	0	1	0	0	1	0	0	0	0	1	1	1	0	0	0	1	1	0	0	0	1	0	1	1	1	1	1	0	1	1	0	0	0	1	1	1	1	0	1	1	1	1	0	1	0	1	1	0	0	0	1	1	1	0	1	1	1	1	0	0	1	0	0	0	0	0
ASW-NA20342	0	0	1	1	1	1	1	0	0	1	1	0	0	1	1	0	0	0	0	0	0	0	1	0	0	0	0	1	1	0	0	0	0	0	0	0	1	0	0	0	0	0	1	1	0	0	1	1	1	0	0	0	0	0	1	1	0	0	0	0	0	1	0	0	1	1	1	0	1	0	0	1	0	0	0	1	1	1	1	0	0	1	1	0	0	0	1	1	1	0	0	1	1	1	0	1	0	0	1	0	1	0	0	0	0	0	1	1	0	0	1	0	0	1	0	1	0
ASW-NA20346	0	1	1	1	1	0	1	1	1	1	1	0	1	1	0	1	0	0	1	1	1	1	0	1	1	1	1	0	0	0	1	1	0	1	0	1	0	1	1	1	0	1	0	1	0	0	0	0	0	0	0	1	1	0	0	1	0	0	1	1	1	1	1	1	1	1	1	0	1	1	0	0	1	0	1	1	1	1	1	1	1	0	0	0	0	0	0	0	1	0	0	1	0	0	0	1	0	1	0	0	0	1	1	1	1	0	1	0	1	0	0	0	0	1	1	1	0
ASW-NA20348	0	1	0	0	0	1	1	1	0	0	0	1	0	0	1	1	1	0	0	1	0	0	1	0	0	1	1	0	1	0	0	1	0	0	0	1	0	0	1	1	0	1	0	0	1	1	1	1	0	1	0	0	1	0	1	1	0	1	1	1	0	1	1	1	1	0	1	1	0	0	0	0	0	1	0	0	0	0	1	1	1	0	0	1	0	0	1	1	0	1	1	1	0	0	1	0	1	1	0	0	0	1	0	0	0	1	1	0	1	1	0	1	0	1	1	0	0
ASW-NA20351	1	1	0	0	0	0	1	1	1	0	1	1	0	0	0	0	1	1	1	0	0	0	0	0	0	1	1	0	1	0	0	0	0	1	0	0	0	0	0	1	0	0	1	0	0	0	0	0	0	1	1	0	0	0	1	1	0	0	0	1	0	0	1	0	1	1	1	0	1	0	0	0	1	1	1	1	1	1	0	0	0	1	1	1	1	1	0	0	0	0	0	0	1	1	0	1	1	1	1	0	0	1	1	0	0	1	1	1	0	0	0	0	1	1	1	0	1
ASW-NA20356	0	0	0	1	1	0	0	0	1	0	1	0	1	1	1	0	0	0	0	0	1	1	1	1	1	1	1	1	1	0	0	0	1	1	1	1	1	1	0	1	0	0	0	1	1	0	1	1	0	0	1	0	1	0	1	0	1	1	1	0	0	1	1	1	1	1	1	1	1	0	0	0	0	1	0	1	1	1	1	1	1	1	1	0	0	0	0	0	0	0	0	1	1	1	1	0	1	0	1	1	0	1	0	1	1	1	1	1	0	1	1	0	0	1	1	1	0
ASW-NA20357	0	0	0	1	1	0	1	0	1	0	0	0	0	1	1	0	0	0	1	1	0	0	0	0	0	1	1	1	1	0	0	0	1	0	0	1	1	1	1	0	1	1	0	1	0	0	1	1	1	0	0	1	1	1	1	1	1	1	1	1	0	1	0	1	0	0	0	0	0	0	1	1	1	0	0	0	0	0	0	1	1	0	0	1	1	1	1	1	0	0	0	1	1	1	1	0	0	0	1	0	0	0	1	1	1	0	1	1	1	0	1	1	0	1	1	0	0
ASW-NA20359	0	1	0	0	0	0	0	1	1	1	0	1	0	0	1	0	1	0	1	0	1	1	0	0	0	1	1	1	0	0	0	0	1	0	0	1	0	0	0	0	1	1	0	1	0	0	1	0	1	0	0	1	1	0	1	0	1	1	1	0	0	1	1	0	0	0	0	0	0	0	0	1	1	0	1	0	0	0	1	0	0	1	1	1	1	1	1	1	0	0	0	1	0	0	1	0	1	0	1	1	1	0	0	1	1	0	1	1	1	1	0	1	0	0	0	0	0
ASW-NA20362	0	0	0	1	1	1	0	1	1	0	1	0	0	0	1	0	1	0	1	0	1	1	0	1	1	0	0	0	1	0	0	0	1	1	1	0	1	0	0	0	1	1	0	1	1	0	0	0	1	0	0	1	1	0	1	0	1	1	1	0	1	0	1	0	0	0	0	1	0	0	0	0	0	1	0	0	0	0	1	1	1	0	0	0	0	0	1	1	0	0	0	1	1	1	1	1	0	1	0	1	1	1	1	1	1	1	1	1	1	0	0	1	0	0	0	0	0
ASW-NA20412	0	0	1	1	1	1	0	0	1	0	1	1	0	0	1	1	0	0	0	0	1	1	0	1	1	0	0	0	1	1	1	0	1	0	0	0	0	0	0	1	1	1	0	1	1	0	0	1	1	0	0	1	0	0	0	0	0	1	0	0	1	1	1	0	0	0	0	0	0	1	0	0	0	0	0	0	0	0	1	1	1	0	0	1	1	1	0	0	1	0	0	0	1	1	1	0	0	1	0	0	1	0	0	1	1	1	0	1	1	1	0	1	0	0	1	0	1
